sudplanj3d/src/main/resources/basedem.asc
NCOLS 301
NROWS 301
XLLCORNER 46975
YLLCORNER 234975
CELLSIZE 50
[rows 180 to 209 of 301, columns 201 to 267 of 301]
1992.4 2024.31 2060.49 2103.08 2139.45 2161.26 2166.04 2143.57 2120.14 2103.04 2085.23 2071.83 2080.73 2077.66 2055.54 2028.06 1998.49 1969.34 1931.9 1910.13 1894.01 1895.58 1893.05 1888.53 1894.86 1898.07 1902.14 1907.72 1897.43 1838.32 1799.47 1789.33 1790.52 1785.86 1778.15 1769.97 1762.73 1758.59 1757.51 1748.7 1723.86 1697.45 1681.05 1658.33 1628.12 1591.9 1563.36 1550.17 1538.55 1530.04 1528.71 1536.49 1551.97 1573.95 1600.71 1631.66 1666.34 1720.58 1774.17 1793.87 1826.25 1862.12 1896.9 1931.84 1967 2002.92 2021.41
1976.32 2006.15 2040.45 2080.36 2118.99 2165.03 2187.97 2167.52 2142.14 2123.05 2105.38 2090.57 2091.09 2082.7 2043.45 2017.73 2004.44 1977.52 1939.4 1915.43 1904.86 1909.85 1898.63 1894.72 1899.8 1914.26 1934.29 1925.39 1888.23 1826.81 1802.28 1800.55 1797.15 1790.05 1779.7 1767.42 1766.67 1771.54 1762.52 1750.83 1739.37 1722.92 1714.7 1683.77 1649.75 1608.56 1580.42 1564.04 1551.9 1538.97 1532.6 1538.39 1548.09 1564.96 1589.98 1622.17 1656.9 1705.84 1751.32 1766.08 1802.31 1838.27 1878.28 1911.91 1941.52 1966.27 1976.72
1960.16 1990.73 2025.39 2062.1 2101.19 2153.58 2193.92 2193.69 2171.64 2148.66 2129.37 2117.24 2113.46 2098.77 2046.31 2008.94 1991.44 1972.06 1956.48 1937.31 1926.84 1923.14 1912.59 1912.13 1916.32 1939.82 1963.09 1933.7 1877.47 1826.49 1810.46 1809.24 1801.46 1791.88 1780.96 1772.62 1776.39 1780.33 1777.54 1779.56 1781.34 1760.18 1730.91 1698.49 1667.16 1625.78 1599.42 1579.51 1562.19 1544.27 1531.94 1533.86 1542.49 1556.85 1581.9 1611.84 1648.72 1692.51 1726.18 1750.34 1780.52 1814.37 1858.28 1891.23 1915.62 1929.57 1943.85
1946.4 1982.39 2022.34 2057.6 2097.51 2150.18 2191.58 2216.21 2203.16 2179.7 2157.23 2145.61 2136.87 2111.5 2052.38 1999.64 1968.69 1966.95 1971.38 1961.17 1948.07 1933.49 1926.04 1919.72 1926.82 1968.55 1986.1 1946.01 1894.27 1843.66 1815.19 1812.36 1809.36 1793.12 1781.38 1782.48 1790.59 1793.19 1799.99 1822.55 1833.05 1799.52 1748.16 1714.3 1685.93 1651.6 1625.1 1597.59 1574.98 1554.44 1536.89 1533.91 1541.85 1550.38 1571.91 1604.95 1650.92 1691.97 1710.53 1731.22 1762.12 1795.47 1839.02 1873.43 1901.64 1913.97 1926.32
1942.28 1986.05 2027.99 2061.71 2095.7 2137.69 2174.22 2213.98 2225.55 2220.85 2199.62 2167.49 2147.11 2109.46 2049.99 2005.66 1973.02 1969.25 1973.09 1971.57 1958.21 1944.51 1943.31 1939.37 1956.29 2005.4 2004.53 1957.11 1918.19 1865.73 1823.16 1817.79 1817.63 1801.28 1791.13 1798.72 1807.16 1812.66 1839.19 1876.14 1881.06 1842.47 1772.67 1726.04 1699.8 1674.82 1650.73 1615.1 1590.12 1568.94 1548.41 1540.31 1543.26 1549.12 1565.99 1593.49 1637.22 1670.93 1690.19 1718.89 1748.65 1781.2 1818.22 1856.09 1886.22 1904.2 1910.08
1935.86 1976.98 2015.03 2046.24 2085.39 2122.74 2155.69 2197.11 2238.61 2247.74 2218.69 2179.12 2140.71 2101.21 2060.67 2025.69 1995.26 1982.16 1980.24 1982.44 1975.18 1967.7 1970.07 1985.95 2003.27 2042.59 2015.64 1960.79 1925.53 1879.88 1839.37 1830.7 1837.78 1833.33 1815.78 1817.79 1824.61 1851.16 1888.58 1902.52 1891.04 1846.1 1794.83 1751.04 1719.9 1696.42 1673.63 1632.58 1600.9 1579.06 1559.33 1547.94 1544.36 1549.44 1564.84 1588.01 1627.14 1661.56 1680.23 1706.59 1738.81 1766.77 1800.27 1838.4 1867.07 1885.4 1893.13
1926.79 1960.79 1996.31 2028.93 2068.2 2106.04 2142.82 2188.02 2237.62 2252.78 2220.75 2189.12 2135.56 2095.96 2062.01 2032.21 2013.46 2006.29 2001.25 1995.77 2000.53 2005.87 2006.25 2020.14 2030.1 2047.44 2007.32 1961.47 1917.91 1892.02 1867.12 1847.25 1852.52 1866.74 1850.83 1837.71 1843.68 1878.36 1917.37 1930.52 1910.51 1865.8 1823.39 1788.2 1756.87 1726.56 1692.39 1645.04 1607.25 1584.8 1569.15 1556.1 1549.96 1552.12 1565.33 1580.68 1617.51 1657.46 1673.58 1700.41 1731.08 1758.17 1784.32 1821.08 1848.65 1872.95 1885.56
1940.24 1973.35 2006.95 2042.4 2071.03 2100.74 2134.95 2180.57 2231.06 2255.85 2224.83 2188.75 2139.59 2093.81 2060.25 2036.73 2023.82 2019.11 2002.99 2001.79 2020.73 2030.12 2039.21 2049.54 2052.99 2031.67 1984.43 1950.76 1921.05 1912.41 1895.72 1869.06 1862.5 1863.37 1868.38 1867.26 1871.03 1901.02 1945.82 1960.32 1950.88 1905.47 1861.44 1838.32 1803.22 1752.47 1710.72 1664.04 1623.41 1596.59 1582.88 1567.11 1553.99 1553.8 1567.53 1580.4 1612.14 1647.36 1674.42 1699.8 1725.69 1745.09 1772.99 1802.1 1825.27 1844.51 1852.7
1941.67 1965.64 1992.75 2027.85 2059.83 2091.34 2125.46 2164.99 2215.34 2253.72 2224.08 2178.39 2137.48 2098.89 2061.99 2051.68 2048.75 2038.49 2025.18 2026.04 2046.17 2060.23 2070.42 2074.59 2060.07 2012.9 1963.63 1955.49 1945.14 1946.1 1934.69 1896.24 1876.93 1874.68 1886.73 1895.09 1908.89 1944.9 1975.86 1990.76 1998.3 1956.97 1890.94 1870.72 1844.93 1774.14 1728.45 1691.83 1648.46 1615.59 1599.4 1581.71 1563.36 1555.7 1564.3 1578.15 1606.76 1636.28 1665.96 1694.22 1718.12 1728.77 1763.25 1782.01 1798.34 1815.64 1827.42
1925.01 1945.84 1974.78 2009.36 2041.04 2073.28 2107.39 2143.52 2195.14 2238.89 2209.76 2158.68 2123.28 2094.67 2065.06 2054.49 2053.9 2055.19 2058.61 2060.58 2070.42 2081.2 2088.74 2073.77 2049.52 1999.29 1959.78 1964.94 1970.4 1980.31 1968.8 1927.64 1907.02 1903.76 1905.17 1914.89 1938.6 1979.39 2011.75 2023.98 2032.28 1999.17 1927.87 1887.36 1846.61 1781.48 1741.67 1711.54 1677.42 1641.64 1612.64 1592.51 1574.61 1559.94 1561.16 1574.23 1598.72 1624.02 1653.57 1683.42 1709.03 1718.79 1748.95 1763.27 1782.35 1801.82 1819.57
1896.38 1918.73 1955.12 1989 2020.87 2054.37 2091.72 2130.64 2186.22 2234.69 2202.19 2144.39 2104.93 2083.87 2063.11 2048.72 2051 2065.88 2074.22 2077.1 2088.37 2090.55 2074.36 2059.43 2030.61 1994.41 1977.8 1987.36 1991.67 1986.4 1970.89 1951.68 1945.54 1944.39 1945.23 1953.22 1972.25 2020.23 2055.43 2055.33 2019.2 1972.95 1924.4 1876.14 1833.66 1782.53 1750.27 1724.87 1695.21 1663.15 1632.22 1609.31 1590.66 1571.12 1564.18 1570.67 1588.41 1612.26 1640.89 1668.47 1693.52 1703.49 1737.08 1753.27 1776.86 1802.94 1822.96
1867.26 1901.11 1940.36 1981.9 2016.58 2045.14 2085.07 2132 2181.2 2222.23 2196.57 2144.6 2102.8 2080.92 2067.56 2056.46 2064.89 2082.77 2090.78 2094.74 2099.08 2079.21 2054.09 2033.92 2014 1996.55 1986.56 1989.89 1993.15 1986.26 1976.4 1976.47 1983.59 1985.84 1985.25 1990.8 2020.21 2061.21 2067.54 2030.05 1991.46 1950.62 1899.85 1850.03 1817.79 1786.37 1763.48 1740.07 1710.48 1682.18 1654.67 1628.26 1607.46 1584.17 1571.82 1571.33 1586.16 1603.48 1631.62 1658.02 1682.83 1693.3 1736.39 1760.25 1786.29 1808.57 1835.84
1871.71 1900.83 1939.7 1985.11 2020.68 2050.01 2085.86 2132.3 2176.58 2215.97 2205.73 2167.1 2119.58 2103.18 2101.77 2094.46 2093.81 2097.88 2109.39 2113.56 2110.91 2081.93 2046.1 2020.63 2003.93 1992.61 1988.72 1992.96 1995.91 1991.81 1988.49 1996.85 2012.2 2021.05 2016.67 2023.28 2066.6 2088.56 2053.88 2012.95 1984.15 1946.78 1910.46 1856.76 1816.53 1794.83 1773.84 1749.33 1720.93 1697.9 1670.65 1640.8 1618.87 1595.93 1580.3 1575.71 1588.13 1602.63 1636.75 1669.6 1688.76 1693.59 1735.54 1759.38 1785.78 1816.07 1850.69
1847.13 1883.89 1930.8 1972.41 2008.96 2053.67 2098 2135.56 2168.27 2191.14 2204.14 2208.71 2166.53 2135.63 2127.47 2120.8 2118.67 2116.23 2114.82 2118.38 2118.48 2091.02 2057.07 2034.9 2010.16 1998.33 1991.95 1994.23 2001.4 2001.44 2000.13 2010.79 2027.99 2031.53 2031.43 2045.68 2089.68 2085.18 2032.89 2006.43 1984.81 1942.28 1904.65 1857.39 1820.63 1798.79 1778.15 1758.82 1731.71 1708 1683.54 1653.41 1627.61 1607.2 1592.32 1580.54 1583.72 1598.02 1628.64 1660.74 1688.13 1698.78 1730.19 1754.69 1783.31 1814.08 1851.03
1866.44 1900.71 1943.76 1982.86 2020.37 2073.98 2116.49 2143.29 2159.93 2162.67 2169.91 2187.62 2191.07 2172.37 2149.38 2142.33 2143.36 2139.31 2130.19 2128.6 2121.64 2101.65 2081.88 2057.09 2035.49 2026.7 2013.32 2009.36 2012.15 2011.26 2017.61 2034.41 2051.84 2053.48 2048.63 2065.36 2097.34 2077.4 2033.45 2014.61 1991.32 1942.7 1895.04 1851.58 1821.17 1806.57 1791.81 1768.96 1735.67 1711.07 1692.09 1666.22 1634.05 1616.01 1600.08 1586.77 1588.32 1596.19 1619.78 1650.69 1682.32 1696.1 1726.87 1751.74 1781.87 1813.97 1846.25
1882.46 1906.06 1953.85 1993.8 2033.87 2087.41 2119.39 2132.28 2133.4 2136.05 2144.02 2160.54 2181.46 2191.91 2182.84 2174.29 2170.84 2167.24 2162.48 2152.36 2124.87 2100.18 2094.18 2076.91 2053.48 2048 2045 2035.86 2031.43 2030.82 2037.53 2064.31 2080.75 2079.98 2082.44 2099.64 2106.22 2084.71 2047.81 2016.79 1992.66 1944.22 1882.91 1847.46 1837.78 1829.88 1810.62 1779.49 1751.79 1725.57 1701.13 1680.51 1647.52 1622.64 1603.57 1590.31 1593.17 1603.03 1621.89 1647.08 1677.82 1691.66 1725.39 1752.11 1783.13 1813.37 1844.47
1913.91 1932.77 1964.28 2006.27 2044.2 2080.78 2091.65 2097.84 2103.04 2107.63 2114.38 2132.23 2157.98 2180.17 2194.13 2204.37 2213.37 2217.19 2213.58 2186.54 2137.01 2104.54 2091.84 2084.83 2063.09 2047.06 2041.74 2039.89 2044.16 2050.9 2068.48 2109.83 2127.92 2123.42 2118.81 2110.79 2083.5 2057.04 2024.45 1991.95 1960.04 1910.84 1864.61 1854.88 1858.94 1853.85 1827.63 1792.86 1767.96 1737.54 1715.29 1699.99 1667.04 1633.35 1607.65 1593.89 1595.74 1605.21 1621.45 1646.54 1675.5 1688.03 1725.22 1751.76 1780.8 1811.2 1843.53
1923.28 1946.66 1971.15 1999.64 2024.45 2045.94 2056.81 2071.64 2079.07 2086.17 2095.07 2112.97 2135.46 2156.55 2174.36 2197.51 2222.32 2240.95 2248.84 2212.43 2161.17 2135.51 2112.9 2100.37 2079.28 2065.01 2057.07 2050.88 2052.22 2067.14 2083.89 2113.98 2142.19 2167.19 2151.37 2104.65 2054.32 2022.67 1992.49 1964.21 1930.21 1896.15 1864.91 1862.31 1861.8 1843.4 1814.07 1793.78 1769.08 1743.03 1731.15 1713.88 1680.4 1647.34 1617.79 1600.71 1596.45 1602.35 1619.74 1648.67 1675.5 1689.45 1724.01 1749.25 1778.17 1809.99 1844.1
1903.15 1921.45 1936.89 1959.24 1994.58 2013.2 2022.44 2044.13 2058.54 2069.67 2079 2097.11 2114.61 2134.81 2151.66 2178.46 2203.06 2219.81 2232.96 2220.59 2199.9 2174.15 2144.88 2133.17 2118.22 2095.09 2074.38 2068.06 2068.43 2077.22 2086.4 2130.9 2177.66 2192.26 2158.17 2087.1 2026.49 1999.73 1970.4 1947.32 1925.29 1897.2 1875.48 1870.98 1858.66 1830.99 1810.39 1795 1779.27 1762.8 1749.42 1727.28 1695.63 1660.08 1630.28 1606.9 1600.97 1606.8 1621.07 1648.32 1672.97 1687.37 1723.6 1746.9 1775.81 1809.81 1843.37
1869.67 1891.11 1896.15 1937.52 1974.97 1989.38 1995.35 2017.07 2037.6 2051.02 2064.73 2083.07 2097.72 2116.72 2129.91 2157 2183.73 2194.6 2196.69 2197.51 2201.54 2208.54 2203.81 2180.15 2148.4 2130.12 2103.04 2098.26 2104.86 2097.79 2098.21 2154.79 2201.75 2176.89 2123.14 2057.14 2016.88 1997.08 1969.13 1949.59 1928.08 1903.13 1884.22 1865.66 1854.11 1842.91 1835.37 1827.59 1814.28 1792.23 1764.35 1740.75 1711.16 1673.98 1643.78 1621 1614.67 1615.49 1626.88 1647.5 1681.26 1689.88 1719.7 1745.69 1776.34 1813.95 1850.78
1838.41 1843.59 1890.78 1909.15 1942.47 1971.85 1987.78 2000.41 2019.27 2034.69 2050.39 2065.52 2081.93 2100.25 2119.11 2145.16 2161.61 2162.83 2154.89 2157.14 2165.39 2175.37 2187.06 2190.2 2168.81 2148.37 2132.91 2121.29 2112.57 2107.63 2128.48 2174.22 2213.96 2155.54 2102.9 2051 2021.15 1995.21 1968.99 1948.89 1920.54 1898.89 1885.77 1881.08 1871.75 1859.55 1855.94 1856.76 1833.23 1813.13 1782.65 1762.69 1731.94 1696.63 1656.85 1633.86 1638.78 1623.02 1629.86 1640.45 1660.81 1690.42 1715.47 1746.17 1776.84 1814.16 1850.15
1796.03 1826.7 1853.13 1882.86 1924.5 1953.74 1965.97 1985.84 2001.28 2018.59 2035.06 2050.93 2067.47 2084.1 2100.44 2122.51 2128.48 2119.51 2117.07 2124.12 2134.48 2145.68 2158.92 2171.15 2178.23 2175.18 2155.8 2142.92 2138.3 2151.21 2167.92 2195.68 2193.48 2147.44 2095.96 2059.08 2028.08 1997.67 1968.5 1944.6 1914.66 1896.1 1896.4 1894.25 1876.16 1882.95 1873.23 1878.78 1850.03 1838.44 1813.27 1788.6 1759.97 1716.69 1675.08 1650.48 1646.12 1634.54 1635.76 1645.09 1658.68 1696.17 1724.97 1746.52 1775.25 1803.55 1846.69
1772.6 1801.38 1850.66 1890.63 1915.04 1929.81 1933.1 1969 1984.14 2002.44 2019.98 2036.62 2051.43 2064.51 2076.56 2085.69 2083.36 2075.06 2082.68 2093.78 2105.62 2117.82 2130.55 2141.65 2150.79 2162.38 2169.82 2184.59 2192.12 2196.8 2204.95 2223.03 2225.11 2167.08 2104.75 2069.34 2038.69 2012.43 2008.19 1977.61 1935.38 1915.6 1912.7 1897.81 1900.68 1897.73 1888.52 1882.17 1889.26 1872.48 1839.88 1798.8 1776.11 1733.37 1693.86 1665.42 1645.02 1641.95 1640.07 1651.34 1669.58 1705.15 1724.35 1744.85 1774.84 1808.9 1844.82
1763.53 1791.74 1819.92 1861.69 1881.34 1895.45 1924.57 1948.7 1969.28 1987.21 2005.95 2025.68 2040.8 2043.52 2045.47 2045.95 2039.23 2041.72 2053.86 2067.62 2082.47 2090.86 2095.52 2103.19 2119.7 2131.68 2138.64 2149.44 2165.31 2186.05 2207.45 2223.68 2221.2 2169.98 2115.54 2095.2 2062.14 2050.89 2037.92 1999.86 1958.17 1942.67 1924.15 1924.75 1916.56 1907.5 1908.27 1925.54 1913.34 1875.61 1833.71 1800 1766.53 1741.86 1705.81 1676.28 1658.49 1649.06 1650.34 1656.63 1676.66 1704.79 1733.63 1757.06 1785.59 1815.68 1844.22
1738.39 1774.12 1808.91 1829.24 1847.35 1876.56 1902.3 1930.32 1953.05 1971.39 1994.98 2011.14 2001.3 2008.73 2012.66 2018.22 2027.48 2036.51 2038.81 2045.54 2055.03 2056.67 2059.86 2066.95 2090.26 2101.62 2106.99 2119.14 2136.18 2158.18 2181.58 2196.81 2211.07 2179.62 2119 2102.94 2082.9 2064.67 2028.43 2006.95 1987.49 1962.55 1942.7 1936.72 1922.54 1918.33 1938.63 1972.07 1922.71 1878.26 1836.79 1801.21 1773.33 1745.86 1712.21 1686.83 1670.29 1657.94 1659.35 1665.64 1681.8 1711.53 1742.49 1771.49 1800.31 1822.06 1849.84
1723.24 1751.58 1774.19 1791.74 1820.75 1844.8 1883.1 1919.27 1940.6 1958.39 1978.93 1980.97 1963.46 1976.66 1986.11 1995.22 2005.98 2015.4 2026.07 2037.45 2037.11 2033.23 2047.56 2059.98 2071.28 2075.93 2077.27 2090.51 2107.17 2130.29 2155.79 2174.06 2187.4 2158.9 2125.56 2117.29 2096.6 2059.93 2031.34 2014.46 1998.89 1963.4 1951.91 1942.78 1931.68 1934.7 1970.1 1972.04 1940.08 1884.35 1837.18 1801.84 1779.39 1747.51 1717.73 1696.67 1675.2 1668.31 1669.81 1677.64 1694.1 1722.63 1753.7 1785.55 1809.36 1831.18 1857.13
1695.87 1716.08 1743.4 1780.16 1820.81 1858.99 1892.48 1916.27 1933.38 1948.13 1964.78 1949.61 1939.86 1950.35 1959.31 1970.16 1981.34 1993.93 2007.65 2016.71 2013.71 2013.19 2027.55 2044.11 2053.14 2058.17 2057.62 2068.97 2086.32 2107.23 2131.5 2151.24 2164.58 2178.24 2156.14 2135.75 2110.31 2074.48 2045.53 2039.26 2024.97 1993.31 1974.88 1962.8 1954.87 1977.66 2013.28 1987.38 1936.65 1892.98 1831.84 1798.79 1772.3 1746.61 1723.88 1701.61 1681.11 1678 1680.97 1689.95 1708.5 1739.57 1770.83 1797.55 1816.76 1837.04 1863.97
1658.9 1699.67 1736.81 1775.31 1807 1836.18 1888.99 1903.82 1920.91 1935.66 1949.36 1921.32 1915.04 1921.18 1930.71 1942.13 1953.15 1964.54 1978.32 1986.83 1989.58 1991.71 2005.79 2022.79 2027.02 2034.98 2041.13 2046.75 2062.63 2083.55 2106.5 2127.39 2145.97 2161.62 2179.11 2169.06 2104.14 2076.49 2067.62 2064.34 2052.48 2027.64 2004.66 1997.33 2001.06 2032.73 2016.46 1970.86 1925.21 1868.64 1832.53 1801.71 1772.44 1750.14 1723.08 1702.4 1689.19 1689.45 1693.88 1706.19 1727.98 1762.46 1796.1 1807.83 1823.11 1843.58 1870.58
1651.75 1689.82 1724.14 1763.38 1806.3 1847.77 1877.06 1891.26 1905.77 1919.58 1927.1 1897.25 1894.91 1895.7 1905.39 1916.99 1925.66 1935.51 1949.76 1957.69 1962.01 1967.96 1985.78 2005.79 2014.97 2019.52 2021.19 2024.35 2038.9 2061.15 2085.41 2104.84 2121.71 2146.79 2167.38 2155.07 2117.58 2104.84 2107.87 2104.4 2092.73 2070.08 2065.96 2047.25 2055.81 2025.6 2004.14 1966.08 1919.58 1875.31 1835.68 1807.24 1779 1754.2 1724.61 1702.53 1697.5 1702.13 1708.24 1726.73 1755.68 1786.38 1807.73 1817.73 1837.1 1858.65 1883.69
1645.88 1682.97 1722.33 1763.58 1807.92 1838.36 1856.29 1873.66 1889.36 1901.92 1906.51 1881.83 1879.18 1884.57 1888.94 1890.84 1898.61 1909.48 1931.9 1943.33 1938.07 1941.63 1959.34 1985.85 1993.8 1989.13 1993.36 2000.59 2015.75 2041.04 2061.86 2082.32 2104.17 2133.1 2157.83 2181.18 2157.04 2147.3 2151.64 2153.67 2140.59 2122.41 2113.38 2073.89 2022.22 1977.46 1956.23 1947.48 1935.88 1898.79 1858.59 1836.27 1782.59 1751.32 1728.57 1725.44 1715.49 1714.03 1726.33 1746.33 1777.52 1804.35 1820.22 1832.03 1856.04 1877.8 1902.38
