sudplanj3d/src/main/resources/basedem.asc
NCOLS 301
NROWS 301
XLLCORNER 46975
YLLCORNER 234975
CELLSIZE 50
[rows 120 to 149 of 301, columns 67 to 133 of 301]
1848.93 1855.68 1861.56 1867.51 1866.93 1853.06 1823.77 1788.46 1750.76 1721.54 1695.91 1671.87 1649.7 1629.18 1618.94 1622.1 1630.12 1640.87 1657.97 1676.93 1708.8 1750.1 1785.3 1819.93 1837.69 1813.41 1774.99 1749.03 1719.01 1683.82 1649.35 1609.03 1585.08 1572.24 1561.21 1542.6 1530.91 1522.8 1515.94 1513.88 1501.69 1485.13 1456.71 1443.73 1419.92 1387.61 1348.13 1306.54 1275.71 1245.95 1220.81 1192.06 1163.68 1137.02 1117.83 1111.48 1104.57 1100.02 1094.75 1087.09 1080.11 1071.77 1062.89 1062.16 1068.63 1077.77 1092.48
1883.07 1889.35 1893.12 1894.74 1879.23 1850.25 1819.67 1782.34 1749.92 1725.78 1700.01 1676.3 1655 1636.16 1628.45 1633.47 1642.89 1655.4 1670.37 1694.06 1727.07 1765.66 1805.49 1840.87 1853.15 1838.06 1798.14 1767.56 1734.08 1698.13 1665.94 1638.39 1618.54 1604.76 1590.12 1572.83 1562.19 1556.5 1548.39 1541.95 1531.07 1511.32 1480.25 1468.02 1444.66 1410.03 1377.68 1332.97 1300.57 1269.26 1234.98 1203.82 1177.95 1153.7 1133.93 1123.81 1115.14 1107.1 1098.92 1090.51 1084.14 1071.91 1063.14 1061.48 1067.41 1076.59 1090.77
1926.04 1929.58 1921.47 1906.41 1876.75 1847.88 1815.76 1781.59 1760.13 1733.12 1707.34 1682.6 1661.72 1643.1 1638.39 1642.14 1656.47 1667.98 1682.3 1715.19 1752.94 1793.94 1829.93 1860.65 1873.86 1858.77 1818.05 1783.02 1749.54 1710.25 1692.91 1678.38 1659.71 1639.25 1623.18 1603.52 1596.14 1589.67 1578.57 1571.47 1555.49 1531.29 1504.13 1487.59 1463.43 1430.37 1402.79 1363.9 1328.64 1297.38 1253.59 1216.03 1192.64 1167.22 1145.39 1132.64 1121.63 1109.14 1100.47 1091.21 1083.06 1071.02 1061.34 1060.75 1067.64 1075.82 1091.35
1960.18 1951.04 1924.31 1905.63 1890.73 1855.99 1821.5 1797.85 1775.31 1746.85 1721.26 1692 1667.3 1653.1 1646.38 1649.96 1666.64 1679.53 1693.4 1734.29 1780.84 1820.84 1851.49 1881.08 1891.04 1870.23 1830.33 1797.95 1768.87 1738.9 1729.44 1718.52 1694.64 1676.3 1657.44 1639.07 1634.1 1621.12 1606.64 1592.44 1575.59 1549.42 1520.51 1495.86 1467.79 1437.54 1405.49 1380.65 1354.43 1319.38 1270.83 1230.49 1202.27 1175.17 1154.45 1141.92 1125.35 1110.33 1100.75 1092.71 1086.39 1077.37 1062.49 1064.25 1070.81 1076.87 1089.48
1972.44 1944.65 1922.2 1913.18 1901.6 1868.9 1839.19 1816.81 1797.81 1771.54 1741.5 1708.23 1679.72 1663.48 1658.4 1664.58 1676.93 1689.79 1709.52 1754.16 1801.25 1843.1 1870.02 1897.6 1903.41 1883.49 1847.08 1816.53 1795.93 1782.79 1768.45 1756.73 1729.2 1708.91 1690.29 1672.88 1668.03 1651.25 1632.39 1611.96 1585.79 1555.42 1519.88 1492.63 1460.39 1423.08 1387.07 1359.84 1329.92 1302.11 1262.07 1235.22 1218.14 1202.93 1185.66 1164.48 1141.73 1122.99 1108.67 1099.81 1096.3 1086.83 1070.99 1065.37 1070.48 1076.78 1085.85
1963.72 1943.57 1927.45 1916.95 1899.19 1871.68 1848.51 1831.57 1814.3 1782.7 1750.95 1718.68 1690.19 1677 1675.38 1681.73 1693.26 1706.5 1735.65 1777.1 1817.79 1856.38 1886.19 1913.79 1917.56 1898.91 1865.08 1847.74 1832.6 1816.51 1801.79 1784.76 1762.15 1741.74 1721.42 1703.03 1690.33 1669.31 1649.68 1618.28 1583.84 1546.98 1507.64 1478.31 1444.15 1406.12 1368.07 1344.57 1328.1 1304.13 1285.13 1267.25 1251.99 1234.35 1210.85 1190.25 1166.15 1143.53 1125.66 1114.13 1104.85 1101.95 1083.41 1071.04 1069.87 1076.97 1083.9
1963.77 1948.35 1939.54 1924.89 1900.08 1874.85 1857.27 1841.41 1822.22 1792.44 1760.97 1731.59 1703.52 1692.93 1695.86 1704.16 1712.94 1726.84 1763.06 1798.56 1837.87 1874.68 1900.03 1927.17 1932.79 1915.03 1889.56 1875.27 1858.16 1839.72 1821.36 1805.47 1783.68 1764.09 1740.82 1716.13 1692.6 1668.87 1640.89 1608 1574.49 1536.21 1498.51 1464.34 1430.44 1400.31 1375.22 1363.22 1346.33 1337.87 1326.95 1299.91 1286.41 1263.87 1240.75 1221.93 1196.28 1170.01 1148.97 1132.83 1123.55 1121.32 1097.47 1076.13 1072.68 1076.45 1081.42
1988.2 1981.9 1965.48 1939.35 1916.9 1894.81 1879.09 1859.71 1837.05 1807.11 1775.5 1748.67 1723.79 1718.33 1720.46 1721.26 1728.57 1744.5 1782.72 1828.01 1866.18 1891.67 1914.82 1933.73 1943.24 1928.71 1907.18 1885.25 1864.91 1844.88 1825.67 1806.52 1790.5 1772.27 1747.41 1719.01 1688.01 1656.64 1625.83 1596.09 1564.49 1526.72 1493.33 1463.5 1433.35 1416.05 1408.02 1403.8 1383.37 1373.25 1358.65 1333.58 1321.51 1298.36 1275.85 1255.46 1235.55 1208.25 1186.11 1166.22 1147.8 1136.15 1117.74 1096.39 1084.82 1088.03 1091.96
2040.41 2022.46 1998.91 1971.26 1947.41 1928.9 1912.27 1889.56 1863.93 1840.59 1815.31 1785.32 1754.6 1746.4 1741.74 1742.09 1749.49 1761.37 1800.2 1849.38 1886.54 1911.75 1927.33 1943.92 1940.94 1918.26 1891.95 1868.5 1852.54 1834.43 1819.18 1799.54 1788.46 1772.99 1746.82 1710.76 1674.28 1640.33 1605.63 1576.72 1548.67 1517.79 1492.88 1472.48 1453.66 1447.66 1449.47 1445.74 1425.73 1411.25 1396.04 1373.6 1357.97 1335.62 1313.43 1290.77 1272.17 1246.91 1221.7 1199.51 1174.16 1152.58 1136.6 1122.14 1112.16 1107.94 1106.42
2090.71 2069.25 2046.01 2018.5 1988.95 1969.01 1953.18 1929.89 1905.94 1885.06 1851.11 1818.78 1785.46 1764.63 1756.62 1757.55 1767.02 1782.39 1827.38 1871.66 1905.19 1927.99 1940.92 1939.42 1924.94 1902.21 1873.65 1846.78 1827.73 1812.69 1797.41 1779.09 1764.02 1745.02 1732.48 1711.98 1674.26 1632.34 1594.43 1564.23 1540.21 1518.82 1497.17 1494.01 1484.99 1482.55 1494.45 1492.39 1470.11 1448.83 1429.9 1416.71 1401.34 1381.05 1354.29 1324.04 1304.41 1282.08 1256.19 1228.31 1199.3 1175.8 1158.81 1147.35 1135.19 1125.24 1121.39
2127.17 2124.17 2096.08 2075.6 2042 2012.29 1998.3 1975.01 1938.63 1901.75 1862.03 1822.95 1793.12 1771.52 1770.3 1773.23 1784.66 1801.72 1849.47 1888.41 1919.15 1937.17 1936.02 1922.86 1905.59 1883.89 1859.92 1831.9 1807.79 1787.47 1769.64 1751.37 1730.61 1712.73 1697.67 1687.36 1658.91 1622.64 1595.11 1573.46 1551.18 1529.53 1524 1528.17 1519.48 1520.44 1534.45 1534.92 1508.91 1486.79 1473.44 1464.49 1450.17 1426.08 1395.39 1359.94 1338.1 1314.39 1289.25 1259.96 1229.97 1201.29 1183.3 1169.64 1150.54 1142.15 1141.99
2104.11 2111.8 2117.05 2115.85 2091.86 2060.23 2022.41 1975.97 1930.33 1891.81 1860.32 1825.15 1800.06 1789.75 1789.14 1794.18 1806.38 1821.24 1866.06 1901.44 1928.78 1940.64 1918.5 1895.56 1881.81 1868.59 1849.87 1816.34 1788.74 1766.48 1745.44 1724.19 1705.98 1692.7 1679.72 1664.42 1640.87 1615.75 1596.24 1578.71 1567.18 1561.3 1553.1 1561.23 1554.25 1558.11 1573.53 1569.5 1548.18 1529.76 1520.18 1506.71 1493.14 1460.62 1420.88 1401.29 1373.2 1348.2 1319.8 1287.35 1263.17 1232.73 1208.13 1192.64 1166.78 1157.26 1155.72
2076.33 2085 2089.82 2096.27 2105.97 2079.51 2033.54 1980.99 1930.1 1893.59 1863.86 1841.06 1827.47 1818.15 1813.18 1821.26 1832.86 1845.98 1883 1920.49 1939.49 1932.65 1897.74 1868.22 1856.62 1846.29 1828.67 1798.04 1775.74 1750.88 1725.1 1703.8 1691.9 1680.8 1670.42 1657.39 1639.32 1614.04 1599.35 1595.09 1589.23 1582.11 1581.52 1592.95 1591.01 1595.95 1603.78 1595.39 1580.96 1566.69 1549.49 1528.76 1507.97 1472.73 1447.24 1427.47 1401.25 1378.59 1348.74 1316.22 1291.31 1264.76 1237.63 1211.72 1183.16 1169.8 1168.23
2046.73 2053.39 2056.93 2061.33 2070.49 2066.09 2038.39 2001.44 1959.53 1921.31 1883.91 1862.9 1860.37 1854.51 1846.96 1853.03 1864.96 1878.39 1907.74 1942.82 1961.61 1944.01 1894.46 1857.25 1843.68 1836.35 1823.51 1801.3 1785.01 1763.11 1731.01 1707.72 1689.16 1680.28 1673.18 1659.03 1645.79 1627.84 1610.41 1610.6 1609.33 1609.45 1612.73 1624.42 1625.95 1630.98 1632.27 1622.64 1607.6 1593.45 1566.13 1540.42 1520.11 1493.47 1466.36 1446.23 1425.66 1406.71 1376.13 1340.33 1316.05 1290.35 1262.16 1232.29 1202.95 1186.53 1178.35
2012.64 2018.05 2020.89 2023.09 2029.86 2039.07 2032.23 2016.88 1985.37 1944.27 1911.31 1890.8 1879.96 1877.87 1880.38 1886.12 1897.11 1914.26 1939.61 1963.04 1969.37 1941.27 1893.78 1868.52 1859.66 1849.64 1836.33 1822.11 1801.58 1773.65 1744.88 1725.31 1705.4 1693.73 1684.92 1674.84 1660.22 1638.43 1625.78 1626.67 1628.48 1636 1645.72 1657.53 1662.4 1661.21 1662.17 1641.74 1627.47 1609.64 1579.46 1551.74 1533.16 1510.15 1482.08 1464.11 1446.21 1431.66 1402.98 1365.7 1344.59 1320.08 1286.62 1250.45 1224.35 1209.14 1193.75
1973.72 1977.4 1981.81 1988.74 1996.43 2005.89 2010.95 2014.19 2009.85 1973.44 1943.4 1925.86 1915.83 1909.88 1915.43 1922.06 1931.62 1949.15 1969.41 1984.69 1976.28 1941.91 1898.51 1888.72 1882.63 1877.85 1863.74 1842.89 1818.9 1791.86 1768.38 1747.62 1729.67 1718.64 1709.83 1698.09 1681.55 1658.63 1645.72 1643.78 1653.19 1664.37 1677.05 1692.84 1701.23 1691.06 1682.74 1659.15 1641.9 1619.5 1593.75 1570.02 1544.03 1517.44 1494.64 1479.25 1462.61 1459.28 1430.44 1393.28 1373.88 1343.37 1311.46 1274.65 1245.97 1233.13 1217.65
1929.63 1933.94 1945.68 1948.96 1957.04 1967.14 1974.99 1984.22 1994.46 1992.68 1972.34 1971.73 1958.8 1945.98 1953.48 1963.25 1972.76 1982.72 1996.64 2005.24 1988.32 1949.36 1916.81 1908.42 1907.06 1906.48 1890.55 1861.89 1838.39 1814.09 1791.58 1772.95 1759.19 1751.34 1741.62 1725.43 1707.58 1681.41 1665.52 1665.89 1682.37 1699.38 1713.08 1730.87 1733.21 1720.46 1703.8 1678.29 1654.23 1630.16 1606.43 1582.76 1559.87 1538.69 1517.04 1497.99 1482.5 1475.78 1453.94 1425.1 1400.66 1367.72 1339.67 1303.12 1273.6 1261.65 1243.42
1885.04 1897.41 1914.96 1919.27 1923.02 1931.5 1941.01 1949.8 1964.91 1970.14 1964.33 1974.36 1988.16 1988.95 1989.33 1996.47 2009.81 2017.33 2023.77 2019.79 1999.99 1966.93 1939.16 1928.34 1924.17 1920.56 1907.88 1882.04 1859.78 1835.09 1811.05 1796.57 1795.02 1792.25 1774.47 1747.08 1727.91 1703.5 1687.43 1691.71 1712.36 1732.25 1747.08 1760.72 1758.14 1746.8 1725.38 1694.83 1666.46 1640.57 1616.74 1598.3 1581.76 1562.99 1542.18 1522.9 1509.45 1499.61 1480.63 1455.77 1427.63 1394.38 1363.76 1334.19 1308.18 1289.69 1268.63
1860.95 1867.77 1880.85 1892.56 1892.96 1896.92 1907.02 1916.37 1934.01 1944.34 1947.76 1949.73 1956.67 1976.35 1995.51 2013.95 2036.49 2046.69 2048.47 2039.07 2019.34 1997.65 1970.8 1962.76 1965.62 1960.39 1931.69 1900.34 1876.32 1852.35 1834.71 1838.32 1838.67 1818.5 1788.06 1755.14 1739.54 1724.49 1713.46 1720.28 1746.21 1771.92 1781.8 1790.8 1786.49 1770.07 1747.17 1712.08 1680.28 1654.23 1637.71 1621.33 1607.67 1590.31 1571.87 1550.15 1533.3 1520.65 1501.46 1484.54 1453.94 1417.67 1390.59 1365.89 1346.09 1321.58 1291.47
1842.23 1843.26 1844.34 1855.66 1857.93 1862.73 1871.89 1885.39 1905.8 1918.17 1919.39 1916.55 1915.99 1941.98 1968.48 1998.14 2040.27 2059.62 2060.23 2055.19 2045 2027.85 2007.39 2001.18 1993.43 1982.74 1945.02 1912.24 1893.19 1877.96 1869.83 1875.13 1864.56 1835.25 1798.56 1766.95 1758.68 1748.25 1740.68 1747.13 1774.61 1803.62 1814.23 1823.3 1815.03 1793.19 1761.61 1726.37 1698.58 1680.37 1669.5 1652.96 1634.68 1615.17 1601.25 1577.89 1562.52 1544.64 1525.71 1506.19 1479.2 1441.76 1416.69 1396.94 1377.79 1345.22 1306.19
1827.99 1825.71 1822.46 1825.24 1823.44 1826.56 1840.15 1851.84 1874.4 1885.39 1886.54 1880.78 1880.45 1901.3 1930.78 1961.45 2004.86 2041.7 2055.99 2067.4 2064.31 2058.71 2036.8 2016.86 2000.93 1979.21 1949 1921.4 1911.33 1903.83 1894.25 1899.87 1879.51 1845.44 1811.37 1784.85 1778.99 1768.66 1766.04 1778.15 1805.14 1831.2 1845.61 1850.2 1834.55 1805.14 1769.81 1746.52 1726.3 1712.4 1702.28 1680.14 1657.67 1641.57 1628.57 1608.02 1584.19 1562.28 1536.44 1514.86 1492.23 1461.44 1435.43 1404.88 1377.63 1348.83 1311.74
1818.73 1815.33 1811.07 1806.55 1801.32 1801.18 1809.64 1819.55 1836.37 1848.21 1850.29 1846.07 1852.45 1873.02 1904.67 1940.36 1975.11 1999.68 2019.69 2044.37 2061.38 2065.83 2036.19 2006.48 1985.18 1970.42 1953.97 1938.04 1931.71 1923.28 1909.62 1909.76 1885.65 1853.17 1823.96 1805.31 1795.42 1787.03 1791.11 1806.69 1830.87 1854.06 1869.43 1869.04 1849.52 1818.38 1789.54 1775.36 1756.76 1742.56 1733 1706.24 1680.16 1662 1644.97 1620.86 1590.73 1564.14 1538.78 1513.41 1486.7 1460.29 1434.19 1396.09 1363.59 1334.75 1302.42
1808.98 1804.81 1800.83 1795.65 1791.39 1789.86 1790.43 1793.64 1805.16 1811.77 1813.6 1817.3 1825.62 1847.76 1877.17 1910.86 1938.86 1961.75 1987.45 2012.22 2034.85 2051.86 2030 1999.92 1979.35 1963.2 1952.45 1938.98 1930.47 1923.21 1924.71 1916.18 1890.71 1862.92 1835.53 1814.21 1808.84 1806.83 1816.15 1836.7 1849.96 1873.54 1884.5 1883.59 1865.8 1840.92 1820.72 1801.3 1784.76 1770.79 1751.46 1726.7 1698.04 1678.29 1658.49 1622.9 1590.05 1558.82 1527.21 1500.03 1468.84 1440.28 1420.93 1387.61 1352.89 1318.44 1289.53
1805.54 1799.12 1795.72 1788.6 1782.16 1778.43 1776.28 1773.23 1774.31 1779.79 1784.03 1787.76 1794.2 1817.42 1845.77 1875.53 1905.12 1930.1 1954.32 1980.92 2006.62 2028.46 2027.73 1998.49 1976.07 1956.62 1942.07 1937.31 1933.21 1931.62 1930.45 1926.07 1904.93 1877.1 1851.04 1833.33 1837.26 1848.21 1851.86 1865.45 1873.35 1888.09 1889.63 1887.22 1875.34 1857.06 1839.89 1819.93 1800.62 1776.23 1752.33 1725.5 1696.63 1674.54 1653.29 1620.84 1579.81 1543.12 1510.2 1479.88 1448.39 1418.68 1393.14 1363.1 1334.14 1300.8 1272.54
1810.39 1793.75 1787.43 1782.93 1773.11 1768.38 1767.21 1754.04 1742.21 1748.93 1756.5 1761.58 1766.86 1787.62 1813.93 1837.41 1865.05 1898.51 1922.95 1949.61 1978.13 2006.18 2021.69 2000.79 1981.17 1960.06 1944.3 1941.86 1944.01 1949.54 1952.43 1942.61 1917.8 1893.43 1875.27 1865.31 1868.12 1877.35 1886.38 1892.82 1894.6 1898.7 1895.16 1891.44 1879.53 1861.44 1840.92 1817.11 1793.22 1769.62 1746.47 1717.02 1691.9 1670.81 1651.3 1624.3 1589.77 1549.21 1515.03 1480.98 1444.71 1415.02 1376.9 1343.56 1313.59 1282.69 1255.86
1843.15 1811.07 1788.86 1777.89 1768.31 1764.82 1765.43 1752.94 1726.25 1721.05 1731.43 1738.27 1741.46 1756.83 1778.52 1804.91 1841.51 1871.17 1893.08 1922.39 1949.22 1975.95 2000.53 2005.64 1991.04 1974.43 1960.25 1960.49 1964.52 1970.09 1974.03 1956.9 1932.91 1910.46 1900.81 1892.26 1894.15 1902 1910.39 1915.1 1912.76 1908.56 1899.29 1886.75 1872.79 1855 1831.36 1805.61 1782.18 1759.52 1736.28 1707.18 1684.78 1667.53 1649.66 1622.92 1589.09 1555.02 1517.18 1475.38 1437.45 1402.96 1366.17 1331.4 1298.74 1268.49 1244.5
1876.39 1842.54 1818.22 1799.4 1781.64 1769.95 1759.73 1736.7 1709.69 1700.06 1710.53 1716.55 1719.55 1730.73 1750.76 1778.78 1813.51 1841.39 1861.66 1889.12 1920.3 1944.79 1975.2 2001.07 2005.1 1996.62 1990.13 1989.54 1989.75 1998.02 1999.01 1970.75 1946.03 1930.87 1927.66 1916.98 1915.64 1919.27 1930.28 1932.28 1924.38 1910.86 1889.7 1870.23 1852.56 1834.85 1809.85 1789.72 1770.6 1750.15 1722.24 1691.67 1672.81 1658.3 1636.54 1611.84 1577.73 1540.56 1504.86 1465 1424.63 1390.45 1353.52 1315.98 1283.93 1254.41 1228.63
1905.07 1879.44 1857.46 1832.72 1804.88 1781.2 1754.98 1723.72 1695.58 1688.22 1694.15 1695.79 1700.64 1708.82 1727.24 1750.41 1781.15 1809.92 1831.66 1859.13 1892.77 1921.47 1948.68 1972.04 1997.01 2013.32 2017.21 2012.64 2007.04 2004.77 2003.13 1975.88 1959.22 1951.18 1949.24 1939.82 1936.26 1932.93 1937.64 1936.26 1924.31 1897.76 1867.49 1842.28 1818.4 1797.27 1777.75 1758.28 1745.98 1723.42 1694.48 1670.18 1653.85 1636.79 1615.66 1590.19 1556.08 1521.35 1488.9 1445.55 1404.64 1370.74 1336.77 1301.41 1270.81 1242.34 1215.77
1944.53 1921.71 1898.3 1872.62 1836.35 1801.56 1763.83 1722.1 1690.24 1683.98 1682.37 1682.88 1686.21 1694.01 1707.23 1727.66 1752.09 1778.08 1804.37 1833.89 1865.29 1893.1 1919.74 1944.32 1968.08 1987.1 1987.99 1989.84 1990.34 1984.17 1980.05 1973.04 1969.86 1964.68 1961.17 1954.44 1950.67 1947.18 1939.28 1922.08 1902.59 1875.32 1844.29 1814.77 1786.37 1761.51 1744.83 1722.06 1699.14 1678.43 1658.26 1640.99 1623.11 1606.85 1586.23 1559.33 1531.78 1500.87 1472.73 1428.87 1390.77 1357.43 1321.63 1287.12 1257.08 1229.29 1205.02
1985.35 1965.76 1935.93 1907.28 1872.81 1831.24 1783.44 1735.46 1699.75 1683.91 1678.85 1676.58 1674.31 1677.73 1690.33 1708.7 1728.29 1749.33 1780.19 1808.26 1835.27 1866.18 1892.35 1919.04 1941.65 1958.47 1954.58 1956.34 1957.09 1953.55 1950.86 1952.05 1953.5 1957.84 1960.37 1959.08 1953.97 1946.64 1929.51 1906.08 1875.62 1845.77 1815.94 1786.42 1756.41 1727.98 1703.95 1684.26 1659.97 1634.92 1621.02 1606.85 1589.79 1572.52 1550.71 1521.87 1499.75 1484.4 1457.69 1416.29 1379.41 1345.58 1307.64 1272.59 1242.41 1213.4 1192.32
