sudplanj3d/src/main/resources/basedem.asc
NCOLS 301
NROWS 301
XLLCORNER 46975
YLLCORNER 234975
CELLSIZE 50
[rows 0 to 29 of 301, columns 134 to 200 of 301]
1886.94 1896.15 1905.66 1904.28 1885.18 1858.07 1840.94 1820.68 1794.34 1770.65 1758.07 1748.28 1729.02 1705.68 1671.56 1639.44 1616.99 1599.82 1587.59 1582.36 1582.34 1593.19 1612.82 1626.69 1652.89 1674.61 1688.76 1701.77 1720.44 1745.51 1770.18 1793.97 1803.92 1822.53 1855.7 1895.86 1931.5 1955.75 1948.82 1933.47 1914.82 1888.74 1871.54 1847.32 1821.36 1791.27 1777.73 1756.64 1734.08 1708.82 1693.12 1671.12 1647.64 1626.39 1606.08 1582.41 1560.97 1541.76 1522.85 1502.7 1478.17 1454.67 1421.63 1390.98 1361.7 1333.93 1303.4
1861.42 1879.16 1894.58 1912.95 1912.83 1890.22 1855.8 1827.66 1806.92 1790.19 1776.04 1757.34 1736.04 1710.9 1678.57 1651.67 1635.43 1617.74 1602.42 1598.25 1603.15 1610.48 1626.41 1644.9 1672.17 1692.44 1708.07 1722.57 1741.5 1761.49 1785.83 1809.34 1818.31 1838.25 1866.79 1898.07 1921.66 1928.1 1908.4 1889.87 1875.43 1857.44 1832.67 1810.3 1791.83 1762.05 1760.01 1741.04 1724.12 1710.29 1700.01 1683.68 1658.94 1635.15 1616.74 1599.68 1582.86 1564.51 1542.53 1515.82 1479.04 1446.21 1409.21 1375.26 1353.42 1326.76 1291.69
1842.98 1867.84 1893.01 1916.86 1933.42 1912.29 1874.21 1846.87 1828.99 1815.15 1803.95 1772.08 1747.13 1723.86 1694.13 1665.19 1648.79 1635.74 1623.88 1617.88 1620.35 1627.68 1639.3 1660.65 1684.78 1707.9 1726.46 1742.56 1762.01 1777.33 1795.23 1817.68 1825.41 1844.62 1872.5 1898.7 1911.56 1895.58 1871.38 1853.62 1829.74 1817.23 1804.65 1784.9 1763.04 1735.6 1723.74 1709.94 1697.29 1685.9 1680.14 1676.25 1674.07 1660.18 1631.71 1601.18 1571.12 1542.6 1517.86 1490.28 1450.87 1420.6 1388.15 1356.19 1333.13 1306.28 1276.81
1828.55 1856.95 1886.91 1914.35 1947.74 1933.92 1901.68 1878.29 1864.82 1850.06 1834.66 1793.99 1762.15 1733.58 1704.27 1675.5 1658.98 1647.64 1637.22 1633.68 1638.62 1647.22 1661.91 1680.98 1700.38 1729.11 1752.14 1775.57 1792.58 1797.81 1808.4 1825.01 1835.91 1853.74 1884.36 1896.8 1881.41 1853.06 1831.76 1821.05 1796.17 1775.55 1759.36 1744.6 1733 1710.06 1689.7 1675.69 1663.11 1647.5 1641.2 1637.59 1637.12 1632.81 1612.78 1573.46 1539.88 1515.17 1490.17 1463.2 1429.27 1397.33 1361.37 1333.3 1310.64 1285.29 1258.2
1815.83 1842.91 1877.19 1900.11 1942.35 1952.05 1933.7 1920.02 1907.86 1893.15 1863.69 1817.02 1780.47 1748.14 1714.72 1684.17 1671.4 1661.44 1652.77 1650.03 1655.33 1669.88 1689.75 1709.01 1725.01 1747.62 1768.45 1798.84 1821.38 1831.48 1839.28 1845.16 1855.26 1865.5 1871.19 1857.18 1829.02 1803.43 1787.57 1776.23 1755.7 1734.66 1717.14 1708.8 1700.36 1679.13 1657.76 1648.37 1627.73 1610.18 1608.35 1598.32 1592.23 1599.35 1592.13 1557.25 1520.32 1496.33 1467.6 1438.59 1406.99 1373.88 1338.97 1314.23 1296.02 1273.2 1245.08
1802.19 1829.11 1863.18 1877.66 1915.52 1937.17 1933.52 1921.08 1913.11 1903.01 1884.27 1836.82 1792.89 1757.02 1722.88 1694.62 1683.26 1675.99 1668.89 1667.89 1677.23 1696.28 1717.89 1736.54 1753.22 1762.03 1786.63 1820.21 1854.46 1868.71 1873.93 1878.13 1889.58 1886.73 1854.39 1819.6 1794.95 1770.77 1750.88 1729.95 1710.6 1698.44 1681.83 1672.6 1665.54 1644.1 1621.8 1609.24 1588.81 1575.45 1574.26 1565.8 1558.18 1560.97 1559.99 1541.76 1509.87 1484.71 1455.86 1418.28 1383.63 1348.81 1321.82 1300.59 1279.95 1256 1235.71
1788.53 1817.47 1844.57 1857.93 1887.29 1902.45 1901.86 1896.24 1890.05 1895.58 1888.25 1848.32 1799.73 1762.03 1730.35 1709.8 1696.8 1691.76 1686.04 1689.63 1700.27 1720.6 1749.07 1759.15 1766.41 1768.99 1787.36 1818.08 1863.6 1890.83 1906.92 1914.98 1908.02 1873.3 1832.46 1792.04 1768.87 1745.02 1720.35 1699.35 1681.33 1670.6 1655.73 1640.54 1630.28 1609.03 1588.5 1577.42 1558.7 1547.76 1543.07 1536.32 1525.62 1522.48 1523.39 1513.71 1488.48 1463.36 1433.49 1395.88 1363.48 1330.86 1307.9 1287.87 1266.52 1246.89 1232.78
1770.46 1791.34 1815.99 1831.31 1851.23 1870.11 1868.85 1862.9 1862.66 1875.74 1891.23 1855.33 1802.59 1768.45 1741.79 1722.67 1716.43 1711.47 1710.41 1716.11 1726.74 1745.96 1770.98 1777.14 1776.02 1774.49 1786.33 1811.26 1862.66 1907.06 1932.42 1921.38 1882.56 1841.79 1810.46 1769.69 1747.55 1721.54 1695.44 1674.73 1659.73 1647.22 1632.13 1617.51 1606.92 1583.02 1562.21 1553.85 1533.68 1521.77 1518.16 1507.86 1495.16 1489.25 1489.27 1477.35 1459.78 1439.39 1408.79 1372.78 1340.91 1315.58 1297.8 1278.54 1258.63 1244.24 1231.98
1748.32 1768.4 1788.6 1800.88 1816.51 1835.53 1831.95 1833.54 1842.16 1855.68 1875.74 1860.79 1815.1 1786.28 1763.34 1741.9 1738.11 1739.07 1738.34 1739.65 1750.31 1766.46 1778.45 1782.51 1779.51 1782.04 1788.86 1815.85 1858.4 1907.39 1909.78 1879.53 1850.5 1818.45 1791.46 1751.49 1730.28 1703.13 1673.86 1650.69 1641.97 1629.01 1613.74 1603.03 1589.86 1563.43 1543.66 1533.96 1512.99 1500.05 1490.45 1477.07 1467.74 1461.58 1457.43 1442.74 1430.7 1412.35 1381.68 1348.88 1320.25 1302.91 1289.44 1276.5 1265.35 1256.8 1239.41
1720.46 1740.97 1756.36 1770.42 1784.03 1802.4 1804.44 1810.25 1822.25 1841.62 1862.64 1871.24 1839.77 1813.62 1791.53 1768.99 1767.77 1766.88 1761 1757.84 1767.79 1781.31 1791.11 1793.45 1789.02 1793.12 1799.12 1825.08 1860.3 1889.98 1875.43 1849.52 1828.9 1803.08 1773.04 1733.14 1708.3 1687.12 1659.19 1640.59 1637.38 1623.63 1607.65 1598.93 1578.4 1548.27 1526.97 1512.03 1495.3 1481.07 1464.77 1447.4 1441.1 1435.03 1429.95 1419.45 1408.18 1383.67 1353.38 1325.87 1302.11 1290.8 1285.95 1281.09 1273.43 1253.47 1240.56
1693.1 1709.71 1724.26 1739.47 1755.68 1770.3 1774.56 1787.33 1803.41 1825.46 1854.13 1871.82 1862.08 1842.7 1824.94 1802.75 1799.45 1795.11 1782.23 1774.45 1781.99 1792.04 1802.12 1802.99 1799.4 1804.7 1817.68 1842.77 1869.34 1870.96 1839.82 1822.71 1806.62 1782.51 1759.66 1721.68 1690.21 1668.73 1647.97 1640.28 1641.74 1631.33 1605.54 1585.88 1566.2 1535.6 1513.15 1488.76 1472.26 1462.24 1446.16 1424.61 1415.82 1409.21 1406.61 1394.85 1382.06 1354.78 1324.56 1305.51 1291.43 1287.59 1280.7 1264.08 1257.29 1251.83 1251.46
1667.91 1678.94 1697.15 1710.79 1724.85 1739.82 1749.92 1768.07 1788.67 1810.18 1835.09 1865.55 1883.54 1873.3 1859.57 1839.42 1827.87 1817.28 1801.72 1790.45 1797.46 1809.73 1813.37 1814.09 1810.72 1815.92 1832.13 1867.14 1883.07 1851.3 1819.88 1802.75 1789.09 1767.7 1742.77 1705.23 1677.47 1661.44 1648.6 1644.03 1639.6 1626.53 1601.88 1573.46 1551.32 1524.54 1501.46 1476.46 1454.76 1441.9 1429.71 1412.33 1400.31 1388.8 1382.55 1371.28 1355.74 1330.39 1307.97 1303.85 1295.93 1286.98 1273.83 1265.19 1272.71 1276.69 1279.83
1646.47 1658.54 1673.11 1686.14 1697.9 1712.76 1730.89 1755.89 1779.18 1801.77 1830.56 1859.52 1885.58 1894.83 1891.86 1875.08 1861.44 1839.91 1822.67 1809.48 1808.09 1824.8 1828.29 1826.74 1828.53 1832.13 1851.86 1885.32 1874.82 1834.78 1810.74 1798.07 1779.13 1750.29 1724.82 1689.84 1668.26 1654.74 1649.05 1645.93 1633.75 1606.43 1577.42 1546.96 1533.3 1515.17 1492.46 1462.63 1440.42 1430.32 1414.06 1395.86 1384.61 1371.96 1360.57 1348.65 1334.21 1315.37 1303.1 1297.14 1288.99 1284.54 1275.14 1279.01 1287.14 1289.25 1300.26
1635.97 1645.86 1659.24 1672.62 1681.83 1696.61 1716.46 1743.12 1764.72 1790.97 1823.28 1856.45 1890.45 1914.98 1925.64 1913.27 1893.85 1871.66 1848.37 1831.71 1822.64 1832.72 1836.66 1838.67 1840.17 1853.29 1876.16 1885.72 1860.11 1824.89 1807.72 1795.84 1771.03 1729.34 1702.96 1674.33 1662.75 1653.99 1652.19 1647.31 1624.33 1587.26 1567.11 1548.18 1534 1507.27 1481.8 1450.85 1421.28 1414.6 1404.9 1386.11 1375.05 1363.64 1348.69 1332.48 1320.06 1308.06 1300.8 1293.16 1286.69 1282.01 1278.07 1288.83 1292.22 1302.28 1327.79
1637.64 1653.57 1665.68 1673.18 1680.61 1692.21 1706.31 1723.32 1744.55 1775.1 1807.6 1847.01 1891.41 1923.4 1950.93 1953.22 1935.32 1906.71 1879.44 1855.87 1843.54 1845.89 1846.43 1850.6 1863.76 1882.18 1896.9 1883.26 1852.68 1831.45 1815.31 1794.86 1762.85 1713.6 1688.25 1666.36 1660.06 1655.47 1654.25 1639.53 1618.7 1597.36 1578.26 1554.44 1534.36 1503.59 1475.38 1450.54 1425.73 1411.58 1399.02 1384.31 1374.54 1364.41 1352.32 1341.71 1324.61 1309.75 1298.88 1293.02 1289.72 1284.49 1283.41 1297.24 1303.1 1321.86 1348.81
1635.46 1655.89 1667.93 1678.1 1679.11 1689.39 1701.34 1710.81 1731.12 1761.21 1792.47 1834.45 1874.26 1912.45 1952.4 1982.23 1972.13 1938.72 1908 1883.4 1867.72 1862.29 1862.92 1872.2 1891.2 1912.92 1912.71 1874.94 1845.86 1829.39 1815.22 1795.28 1754.25 1700.5 1675.36 1661.63 1660.08 1656.55 1653.5 1644.85 1630.51 1610.6 1582.95 1550.76 1529.72 1502.7 1475.59 1454.06 1434.73 1415.07 1397.38 1383.93 1374.49 1368.7 1364.48 1351.93 1331.56 1316.85 1304.67 1295.27 1290.37 1286.09 1290.91 1306.05 1316.76 1340.73 1368.68
1631.5 1643.4 1654.25 1660.67 1672.22 1686.33 1699.31 1713.83 1728.36 1755.26 1783.05 1819.13 1852.28 1895.72 1943.5 1975.65 1994.08 1963.65 1929.53 1907.44 1890.87 1885.2 1886 1893.8 1921.57 1919.06 1903.36 1865.73 1840.87 1822.01 1810.23 1787.5 1738.04 1693.31 1672.48 1667.98 1666.41 1666.67 1669.83 1659.66 1630.09 1598.63 1574.07 1549.35 1523.98 1503.01 1484.61 1467.84 1447.38 1425.24 1413.08 1402.56 1395.46 1387.12 1369.52 1347.08 1331 1318.16 1304.57 1295.57 1291.22 1293.37 1302.67 1319.78 1333.44 1360.22 1387.56
1636.58 1651.72 1660.27 1665.12 1673.86 1690.12 1700.06 1724.26 1742 1763.81 1789.75 1807.93 1849.12 1901.84 1946.1 1985.25 2009.97 1983.38 1953.78 1933 1916.18 1912.83 1919.13 1924.07 1919.69 1906.53 1891.72 1856.17 1839.94 1810.02 1787.99 1769.04 1731.03 1692.07 1673.72 1671.21 1672.97 1681.38 1679.41 1656.45 1616.92 1585.88 1570.46 1549.14 1521.52 1508.65 1496.4 1480.37 1462.87 1435.99 1425.45 1417.93 1413.15 1396.58 1371.82 1344.15 1329.9 1318.35 1307.43 1300.26 1296.84 1302.51 1309.7 1329.55 1350.47 1376.04 1402.72
1651.23 1671.68 1675.31 1673.16 1675.85 1689.96 1708.16 1733.98 1755.75 1773.46 1790.22 1801.37 1842.91 1899.8 1946.17 1993.43 2021.78 2009.99 1984.03 1959.06 1945.56 1943.8 1939.14 1922.67 1907.49 1894.53 1876.32 1841.36 1821.31 1798.46 1778.27 1759.55 1726.39 1695.25 1678.2 1674.24 1678.62 1683.65 1673.27 1649.38 1614.23 1585.13 1567.93 1547.97 1526.37 1516.67 1500.78 1486.63 1475.59 1452.49 1446.47 1439.98 1429.41 1405.82 1377.7 1349.54 1331.42 1317.11 1306.61 1304.48 1303.75 1310.43 1318.54 1340.91 1370.08 1393 1415.28
1653.97 1673.44 1677.21 1686.61 1692.07 1707.79 1727.91 1753.17 1768.87 1779.06 1790.71 1804.63 1835.27 1887.05 1933.33 1978.06 2018.8 2020.84 2005.03 1980.89 1967.68 1951.25 1931.1 1913.48 1896.08 1885.3 1865.17 1833.47 1818.22 1791.01 1770.02 1742.42 1714.37 1699.92 1691.11 1685.06 1686.02 1689.35 1680.7 1651.65 1613.03 1586.42 1563.78 1551.53 1541.08 1530.16 1509.78 1493.96 1485.41 1472.43 1468.8 1461.23 1446.35 1412.47 1378.73 1349.72 1331.73 1319.26 1308.58 1307.48 1308.56 1318.49 1330.37 1354.1 1387.47 1407.39 1427.11
1649.91 1670.42 1686.04 1703.64 1720.3 1735.22 1748.3 1771.45 1782.48 1782.46 1786.42 1808.68 1832.41 1868.92 1913.18 1953.08 2001.28 2030.19 2019.79 1994.98 1972.06 1947.72 1928.76 1908.84 1890.29 1879.44 1862.31 1828.48 1803.41 1778.48 1753.43 1725.2 1711.11 1708.68 1704.27 1697.78 1698.23 1696.68 1677.82 1647.2 1623.44 1598.65 1568.87 1558.82 1551.83 1542.32 1522.24 1506.29 1502.93 1493 1492.51 1482.74 1457.27 1414.77 1380.93 1348.36 1330.32 1320.51 1312 1311.88 1316.52 1328.73 1343.28 1364.65 1397.24 1420.81 1439.44
1647.34 1680.68 1701.16 1722.92 1746.92 1760.53 1771.03 1792.82 1797.81 1789.91 1794.46 1813.3 1831.13 1858.4 1903.62 1942.58 1995.77 2028.76 2015.62 1990.13 1965.97 1945.33 1924.89 1908.47 1891.72 1875.41 1855.73 1828.71 1811.87 1788.25 1761.87 1736.04 1721.35 1719.1 1712.26 1706.71 1706.57 1694.74 1662.59 1641.27 1629.81 1606.31 1581.15 1574.91 1572.57 1562 1542.11 1531.03 1529.95 1520.53 1510.34 1493.05 1463.36 1415.98 1379.83 1350 1334.47 1323.86 1316.97 1319.31 1327.32 1341.05 1354.32 1375.82 1406.47 1431.85 1452.47
1645.7 1680.12 1708.37 1737.61 1773.53 1783.26 1784.15 1799 1808.68 1801.44 1807.67 1818.4 1837.17 1862.78 1900.2 1937.9 1986.1 2018.15 2003.71 1976.93 1958.1 1941.62 1922.67 1907.72 1896.33 1883.59 1870.16 1843.43 1825.69 1796.73 1764.84 1743.64 1735.01 1730.23 1714.86 1715.4 1714.86 1697.5 1669.5 1649.68 1631.22 1612.12 1602.68 1604.13 1601.69 1580.28 1561.44 1558.16 1559.92 1549.68 1520.53 1488.92 1462.1 1418.37 1381.56 1354.95 1343.84 1331.28 1324.32 1329.08 1340.56 1354.41 1367.11 1387.54 1413.52 1441.52 1466.83
1646.33 1683.16 1716.43 1747.17 1790.97 1811.68 1805.75 1809.15 1811.05 1813.18 1822.13 1830.12 1838.32 1866.97 1902.82 1944.93 1990.43 2016.16 1996.5 1970.33 1948.96 1937.01 1921.61 1909.27 1905.89 1893.45 1874.07 1843.64 1813.41 1782.41 1759.01 1747.46 1743.96 1733.09 1723.18 1733.3 1735.37 1720.23 1697.78 1668.75 1647.29 1635.11 1630.05 1625.15 1617.21 1601.48 1589.18 1587 1580.82 1559.66 1518 1485.9 1457.46 1412.94 1381.14 1367.46 1354.88 1340.96 1338.69 1345.18 1353.78 1365.87 1377.3 1398.86 1422.36 1448.29 1478.5
1656.05 1690.68 1724.1 1756.87 1801.37 1831.64 1828.06 1809.66 1807.39 1816.32 1828.45 1831.97 1837.52 1871.4 1903.9 1946.17 1995.02 2023.49 1996.45 1962.71 1940.27 1930.96 1919.88 1910.79 1909.03 1889.94 1863.18 1830.4 1795.63 1769.6 1756.08 1751.09 1746.89 1739.11 1736.51 1745.37 1744.01 1737.01 1720.11 1689.79 1667.02 1660.46 1660.11 1643.92 1625.97 1618.54 1615.38 1612.64 1585.46 1550.31 1515 1491.78 1463.99 1421.98 1394.36 1381.33 1366.08 1349.93 1346.77 1358.91 1367.11 1377.3 1384.77 1407.53 1433.42 1457.15 1487.56
1665.26 1699.94 1734.01 1770.82 1802.73 1833.45 1851.7 1828.45 1812.52 1811.37 1819.01 1828.48 1841.32 1879.96 1907.11 1946.59 1989.61 2020.14 1989.96 1955.73 1936.49 1928.9 1921.45 1913.16 1911.21 1896.54 1863.01 1819.2 1782.81 1763.74 1758.47 1757.51 1754.39 1749.33 1749.33 1751.2 1757.3 1767.02 1745.98 1709.62 1685.41 1679.81 1678.92 1665.31 1652.05 1646.77 1640.73 1623.46 1578.55 1538.74 1516.31 1497.36 1475.61 1435.76 1406.49 1390.84 1376.62 1361.51 1353.92 1367.65 1377.46 1385.83 1398.2 1418.21 1440.21 1467.32 1497.24
1673.23 1708.61 1743.89 1780.31 1808.89 1833.84 1858.16 1844.32 1820.77 1817.96 1826.04 1835.2 1854.98 1884.34 1913.23 1948.56 1993.85 2024.38 1990.78 1956.34 1936.52 1930.42 1922.93 1917.14 1920.68 1901.14 1864.21 1815.94 1782.72 1767 1765.54 1762.99 1758.28 1756.87 1764.7 1767.72 1783.05 1794.76 1765.54 1730.09 1702.28 1690.14 1694.43 1695.09 1685.39 1680.35 1654.76 1614.23 1571.54 1544.08 1526.65 1506.68 1486.79 1449.21 1416.64 1396.04 1383.13 1372.85 1363.92 1374.86 1387.33 1396.3 1411.51 1428.4 1449.07 1479.55 1506.17
1678.5 1714.4 1750.9 1783.8 1808.26 1839.4 1866.76 1859.97 1832.93 1830.59 1837.85 1847.69 1866.15 1891.2 1919.69 1954.96 1999.92 2026.16 1992.19 1961.8 1940.08 1936.42 1926.16 1919.97 1932.74 1908.89 1869.97 1821.03 1801.58 1787.92 1776.04 1770.16 1764.96 1766.74 1776.25 1785.53 1803.9 1811.42 1783.28 1748.3 1729.09 1722.55 1712.15 1716.34 1714.02 1703.01 1656.66 1605.12 1570.02 1553.17 1538.76 1519.27 1492.91 1458.65 1427.35 1407.69 1399.77 1385.45 1373.13 1381.52 1395.74 1407.03 1421.68 1438.64 1459.28 1487.78 1515.89
1679.25 1717.51 1753.24 1785.34 1809.34 1839.82 1871.24 1873.58 1851.32 1846.14 1851.21 1862.66 1876.84 1900.32 1927.31 1963.72 2012.41 2042.12 2003.55 1966.6 1945.82 1939.45 1932.72 1928.41 1936.84 1908.61 1873.16 1838.6 1821.33 1803.52 1789.94 1784.43 1776.77 1778.34 1787.92 1803.43 1821.99 1829.51 1805.42 1777.94 1767.07 1753.85 1729.7 1716.2 1712.92 1699.49 1652.59 1601.34 1568.89 1554.29 1543.61 1523.13 1496.96 1468.26 1447.94 1429.71 1415.89 1399.07 1388.15 1398.53 1408.37 1418.51 1433.35 1449.58 1466.62 1492.67 1523.39
1690.43 1717.84 1752.33 1781.27 1810.41 1839.37 1870.91 1893.19 1875.34 1866.46 1868.38 1876.7 1891.13 1913.46 1939.47 1975.69 2023.35 2047.53 2006.18 1967.89 1948.98 1939.07 1938.67 1941.53 1938.93 1911.61 1882.91 1855.19 1837.92 1814.84 1800.03 1796.24 1793.22 1800.97 1818 1822.22 1830.33 1843.66 1821.45 1792.63 1781.55 1765.47 1732.79 1713.88 1714.77 1687.73 1640.82 1602 1574.28 1555.7 1548.16 1528.69 1513.83 1492.91 1472.71 1450.9 1432.55 1411.93 1400.38 1409.92 1417.72 1426.6 1439.39 1455.82 1472.64 1498.95 1531.94
