sudplanj3d/src/main/resources/basedem.asc
NCOLS 301
NROWS 301
XLLCORNER 46975
YLLCORNER 234975
CELLSIZE 50
[rows 270 to 299 of 301, columns 67 to 133 of 301]
2260.15 2268.94 2277.89 2278.72 2277.89 2279.64 2286.12 2295.25 2293.23 2277.81 2281.07 2300.44 2382.96 2398.34 2322.03 2294.18 2271.1 2274.12 2280.98 2298.36 2312.58 2316.07 2312.43 2313.25 2308.02 2303.29 2295.45 2282.64 2269.07 2256.69 2245.51 2227.76 2226.37 2219.15 2198.77 2194.3 2192.89 2187.63 2168.64 2142.97 2116.13 2099.13 2062.71 2029.31 1966.91 1915.76 1880.29 1844.51 1812.64 1785.46 1752.6 1711.08 1669.91 1660.04 1657.2 1656.95 1663.21 1670.9 1684.43 1696.57 1711.2 1733.34 1717.66 1680.37 1669.69 1659.68 1658.08
2225.63 2229.31 2234.58 2233.8 2229.25 2229.01 2228.9 2251.74 2258.79 2253.13 2256.23 2274.13 2349.32 2387.22 2357.4 2329.43 2301.93 2286.53 2282.71 2295.61 2305.9 2307.25 2316.03 2315.93 2313.06 2351.02 2343.94 2325.52 2308.28 2298.52 2288.16 2277.46 2260.76 2240.13 2222.6 2194.55 2174.62 2156.98 2148.68 2125.69 2094.41 2063.05 2032.16 2002.35 1965 1910.84 1873.12 1838.99 1808.61 1777.23 1744.87 1708.87 1680.01 1675.77 1673.89 1673.85 1691.23 1709.91 1733.69 1768.46 1778.81 1774.45 1741.23 1709.73 1702.75 1704.9 1707.45
2193.98 2199.41 2201.12 2195.46 2189.44 2184.34 2178.98 2187.64 2218.58 2227.41 2238.04 2261.47 2292.05 2303.25 2322.75 2342.54 2336.91 2323.57 2317.12 2314.54 2313.63 2314.86 2313.52 2312.95 2334.28 2370.12 2397.81 2366.21 2348.78 2327.28 2291.96 2263.4 2242.34 2218.96 2194.68 2167.51 2141.05 2116.79 2095.15 2066.76 2040.31 2017.41 1997.43 1973.87 1943.35 1905.41 1863.91 1832.39 1802.85 1771.8 1732.33 1704.74 1693.63 1692.69 1694.4 1698.36 1719.29 1748.73 1784.42 1810.34 1830.57 1808.58 1764.51 1750 1751.96 1759.59 1749.25
2164.58 2171.3 2167.48 2158.1 2152.71 2146.34 2138.05 2137.83 2176.98 2195.12 2206.52 2233.14 2230.53 2246.27 2275.05 2311.88 2326.6 2323.04 2328.64 2326.39 2320.86 2311.85 2314.7 2330.5 2354.22 2387.09 2385.02 2345.04 2323.62 2293.12 2267.32 2238.66 2209.06 2182.91 2153.01 2134.84 2115.25 2092.93 2073.51 2048.96 2024.24 2005.28 1982.01 1955.82 1930.34 1893.19 1858.37 1828.81 1791.46 1757.02 1728.31 1709.82 1710.04 1713.88 1719.29 1723.08 1747.95 1774.52 1806.93 1852.24 1872.28 1841.53 1813.6 1805.13 1801.6 1812.08 1784.89
2142.99 2139.03 2129.29 2122.06 2118.35 2112.66 2105.38 2101.63 2111.78 2153.1 2162.8 2170.51 2194.99 2221.52 2270.52 2294.64 2300.59 2296.38 2304.01 2307.6 2304.48 2327.67 2340.96 2356.81 2373.31 2368.52 2335.3 2306.91 2284.54 2262.7 2236.53 2202.5 2181.14 2154.27 2135.92 2115.2 2097.08 2087.26 2058.38 2034.62 2019.16 1994.94 1970.21 1946.87 1918.29 1883.02 1852.21 1838.76 1820.95 1773.06 1737.82 1721.76 1727.76 1738.83 1748.06 1754.44 1778.71 1807.25 1840.05 1896.55 1903.35 1879.61 1870.57 1860.28 1846.08 1853.47 1816.15
2126.36 2114.24 2096.91 2087.93 2086.07 2084.59 2080.1 2071.28 2081.99 2118.32 2135.8 2148.04 2183.26 2239.68 2256.81 2281.58 2288.9 2293.98 2291.07 2286.12 2294.67 2325.71 2358.88 2377.79 2367.44 2328.41 2299.84 2278.36 2250.52 2233.27 2219.92 2187.92 2158.97 2130.51 2115.67 2092.73 2084.1 2075.94 2053.3 2026.14 2006.36 1988.79 1955.89 1928.04 1900.1 1879.75 1851.73 1844.8 1833.85 1812.42 1782.43 1756.45 1749.87 1764.26 1775.71 1786.62 1805.09 1841.07 1889.96 1925.97 1929.96 1919.77 1916.14 1907.04 1902.93 1885.47 1841.95
2093.44 2086.13 2067.35 2056.45 2057.31 2055.86 2050.89 2044.66 2061.75 2081.97 2105.92 2131.84 2182.53 2209.23 2235.87 2266.41 2286.82 2288.68 2291.1 2284.53 2288.01 2315.79 2346.14 2386.81 2338.61 2299.14 2274.64 2253.77 2245.16 2216.05 2195.85 2178.48 2149.57 2131.83 2115.53 2094.3 2076.95 2062.7 2039.57 2009.91 1989.01 1976.4 1958.82 1933.42 1904.91 1879.81 1864.82 1852.42 1852.66 1833.55 1802.46 1779.52 1774.01 1790.89 1803.38 1818.8 1832.39 1888.07 1929.22 1953.5 1965.57 1963.27 1960.59 1960.35 1964.41 1918.6 1883.94
2060.01 2051.05 2037.24 2029.46 2027.59 2027.59 2023.68 2019.79 2024.74 2059.57 2079.91 2112.31 2168.9 2179.4 2211.71 2239.47 2261.64 2267.39 2270.22 2259.57 2269.8 2306.43 2356.17 2367.41 2317.12 2287.06 2269.45 2257.73 2223.82 2201.8 2192.02 2172.07 2141.4 2122.72 2113.67 2087.22 2064.95 2047.4 2021.49 1994.34 1973.5 1959.64 1942.23 1919.63 1890.72 1872.06 1858.59 1849.46 1847.94 1838.47 1824.94 1803.77 1800.37 1813.42 1827.18 1848.53 1865.82 1922.39 1965.95 1999.09 2006.04 2008.91 2011.31 2013.15 1981.53 1933.39 1951.76
2028.05 2021.67 2016.83 2009.8 2001.86 1996.94 2000.16 2004.02 2014.62 2035.44 2058.53 2087.11 2130.93 2164.39 2199.78 2226 2253.92 2255.23 2247.05 2246.94 2270.32 2328.59 2374.87 2360.19 2338.55 2290.49 2263.34 2243.64 2227.68 2201.17 2186.38 2165.89 2142.53 2116.63 2099.96 2075.38 2055.09 2037.06 2013.87 1991.71 1973.99 1955.03 1935.32 1915.2 1891.19 1873.82 1859.03 1849.7 1851.34 1864.99 1852.83 1852.05 1835.71 1846.15 1858.73 1875.48 1898.21 1945.35 1991 2047.3 2049.89 2054.15 2053.77 2055.28 2012.66 2008.84 1994.53
2005.57 2001.92 1998.93 1995.15 1985.57 1986.24 1995.57 1992.12 2005.22 2015.69 2036.09 2060.8 2101.85 2144.52 2180.86 2230.42 2248.71 2245.18 2228.55 2247.14 2282.1 2364.37 2359.64 2346.05 2334.38 2324.5 2295.05 2251.32 2219.04 2196.66 2180.1 2157.05 2146.89 2116.48 2099.82 2080.2 2067.44 2050.04 2032.07 2008.73 1988.92 1969.7 1954.19 1932.99 1905.29 1882.33 1866.34 1859.16 1860.81 1868.89 1883.81 1880.75 1892.36 1886.26 1887.5 1906.21 1930.08 1956.45 2013.93 2062.96 2093.53 2095.46 2089.98 2089.02 2083.66 2066.93 2030.41
1980.66 1986.64 1990.32 1994.87 1984.53 1987.76 1996.45 1987.15 1991.5 2000.81 2016.79 2039.19 2077.73 2122.6 2158.86 2213.6 2230.06 2231.56 2220.21 2239.8 2302.3 2370.93 2342.72 2338.15 2326.87 2317 2307.86 2300.98 2245.81 2212.79 2188.28 2171.5 2160.31 2147.45 2140.8 2114.21 2093.94 2075.67 2058.48 2037.1 2019.75 1999.76 1979.77 1954.82 1922.37 1897.31 1879.18 1868.13 1870.67 1883.98 1892.05 1910.51 1945.67 1940.77 1928.99 1971.96 1984.53 1998.32 2042.71 2079.64 2132.38 2109.29 2083.32 2060.03 2054.88 2053.43 2044.77
1963.14 1976.71 1983.95 1994.44 1989.93 1984.59 1985.39 1981.96 1983.21 1986.58 1998.36 2018.53 2048.56 2083.6 2132.84 2177.77 2212.5 2213.54 2206.02 2246.92 2319.67 2360.17 2333.24 2324.7 2309.3 2300.25 2305.11 2299.89 2293.56 2296.15 2238.77 2197.16 2187.18 2179.03 2168.84 2147.8 2137.39 2127.49 2114.85 2100.71 2075.45 2034.73 2008.42 1978.18 1946.36 1918.76 1903.48 1892.26 1887.21 1897.31 1915.65 1934.69 1973.71 1981.03 1970.73 2014.43 2052.3 2069.81 2095.82 2132.24 2111.84 2081.91 2060.82 2041.1 2029.48 2026.52 2012.5
1963.84 1976.62 1986.24 1989.07 1985.45 1977.52 1977.23 1977.18 1977.23 1977.15 1984.21 2001.52 2025.82 2065.63 2153.55 2166.92 2178.65 2174.33 2189.47 2236.9 2312.64 2350.37 2329.34 2316.2 2305.79 2298.85 2295.99 2297.71 2293.6 2289.5 2270.92 2229.37 2205.72 2196.41 2195.74 2176.35 2184.23 2206.99 2178.94 2155.84 2105.21 2106.11 2085.03 2040.9 2004.18 1949.34 1933.83 1920.17 1913.59 1921.04 1939.92 1957.67 1991.88 2003.58 2008.01 2057.16 2095.28 2115.58 2136.53 2151.6 2106.86 2069.1 2052.89 2033.76 2025.75 2013.17 1996.82
1964 1982.48 1987.94 1985.09 1979.14 1977.23 1981.76 1980.26 1981.93 1981.82 1983.03 1989.8 2007.84 2041.25 2120.06 2131.01 2136.75 2144.61 2155.87 2224.01 2306.72 2346.56 2324.24 2325.46 2309.83 2297.32 2299.84 2294.53 2293.91 2283.72 2271.2 2258.18 2243.6 2232.5 2228.55 2239.34 2230.66 2218.87 2204.39 2174.19 2161.41 2153.68 2114.66 2084.27 2025.95 1991.42 1967.21 1952.13 1949.83 1960.45 1971.76 1985.89 1991.69 2022.16 2043.59 2086.17 2127.96 2193.06 2176.15 2137.25 2093.83 2065.79 2046.59 2031.96 2027.2 2038.91 2020.65
1976.16 1985.3 1978.01 1975.82 1976.01 1992.19 1996.96 1996.24 2009.6 2004.73 1999.59 1996.85 2013.52 2065.73 2107.27 2108.46 2115.24 2118.76 2144.99 2203.6 2299.64 2346.12 2323.88 2313.53 2310.48 2307.9 2305.22 2298.07 2284.53 2261.56 2255.14 2263.57 2277.37 2293 2274.39 2295.76 2255.65 2239.44 2220.98 2204.64 2188.95 2164.46 2137.01 2125.87 2119.33 2076.79 2032.82 2008.22 2000.15 2001.86 2012.07 2013.25 2028 2052.11 2075.19 2117.21 2177.88 2176.79 2169.12 2133.19 2101.15 2082.32 2070.47 2054.61 2041.98 2041.8 2035.39
1976.7 1975.82 1975.82 1980.93 1997.81 1998.05 2001.5 2009.08 2019.08 2022.04 2026.24 2027.57 2034.12 2079.45 2094.51 2106.51 2105.85 2113.6 2143.78 2186.89 2322.9 2321.32 2318.9 2314.19 2315.36 2313.72 2306.63 2295.93 2286.15 2257.04 2242.54 2248.21 2274.1 2308.07 2337.82 2342.93 2324.53 2267.48 2245.36 2222.51 2198.81 2175.59 2156.95 2135.63 2111.95 2099.7 2095.37 2071.81 2028.31 2017.3 2018.6 2026.65 2053.64 2063.61 2100.25 2145.91 2173.89 2160.7 2162.07 2140.54 2121.16 2108.59 2098.99 2086.55 2069.98 2061.42 2048.94
1977.04 1981.4 1990.11 1997.94 1999.39 2007.05 2009.92 2025.73 2022.45 2030.17 2040.58 2056.32 2065.26 2082.81 2084.9 2086.83 2101.27 2105.3 2145.97 2250.48 2289.37 2286.44 2302.24 2312.21 2317.11 2311.7 2299.05 2283.46 2274.16 2249.59 2239.42 2244.33 2271.22 2311.86 2348.93 2378.38 2365.64 2343.13 2309.65 2261.32 2220.54 2188.74 2172.64 2152.82 2125.44 2105.82 2097.88 2069.95 2041 2035.17 2025.67 2034.03 2063.17 2082.34 2114.77 2178.39 2179.16 2174.86 2174.39 2152.28 2142.15 2134.08 2120.96 2107.06 2092.57 2075.98 2048.75
1990 1997.12 1998.76 2006.2 2010.21 2012.42 2019.7 2029.67 2024.89 2039.07 2053.29 2059.92 2072.06 2076.88 2080.31 2079.71 2087.97 2114.9 2147.99 2228.24 2232.59 2240.21 2265.21 2268.22 2283.28 2287.67 2258.34 2248.17 2249.42 2247.45 2238.65 2250.51 2276.53 2315.36 2354.79 2389.58 2397.56 2357.38 2348.78 2313.52 2275.77 2240.51 2208.49 2179.58 2160.65 2140.2 2126.48 2095.25 2078.17 2056.92 2047.54 2054.11 2080.68 2092.1 2132.89 2198.47 2202.81 2202.9 2181.46 2152.78 2145.81 2140.23 2126.76 2114.57 2093.75 2060.74 2039.81
2006.87 2007.83 2010.56 2018.08 2025.19 2025.07 2028.47 2032.85 2040.05 2047.55 2060.05 2068.11 2075.14 2077.3 2080.4 2082.41 2089.27 2121.2 2193.48 2188.21 2182.72 2183.49 2195.09 2184.45 2193.85 2213.6 2225.15 2225.33 2226.67 2224.93 2222.42 2245.08 2277.97 2321.34 2363.19 2399.57 2427.25 2407.07 2389.87 2366.02 2341.99 2312.58 2280.06 2263.79 2232.22 2212.94 2194.2 2188.51 2132.64 2097.53 2076.86 2077.17 2082.44 2103.65 2132.51 2197.23 2233.3 2202.61 2168.81 2157.83 2157.49 2148.87 2136.81 2113.22 2077.28 2051.82 2041.34
2019.44 2025.58 2030.4 2038.32 2047.65 2051.12 2055.38 2058.47 2068.58 2075.43 2082.44 2083 2094.54 2096.54 2101.65 2098.06 2114.94 2174.45 2165.56 2156.03 2146.73 2143.25 2142.44 2151.52 2165.01 2173.98 2186.63 2196.69 2199.22 2199.01 2213.13 2226.38 2268.96 2318.77 2353.62 2387.56 2431.03 2455.09 2433.16 2410.47 2386.71 2360.63 2336.02 2308.59 2285.7 2261.86 2243.82 2216.53 2177.17 2130.08 2101.35 2101.94 2098.69 2108.24 2142.09 2208.31 2223 2182.21 2157.48 2156.04 2164.03 2153.04 2132.79 2102.53 2071.83 2056.54 2058.12
2033.75 2048.56 2055.64 2062.79 2076.04 2085.19 2093.44 2099.79 2102.11 2109.6 2115.62 2118.43 2120.42 2121.15 2129.13 2132.66 2144.99 2171.02 2140.26 2130.17 2117.91 2109.97 2108.88 2116.15 2138.05 2162.07 2163.19 2165.89 2179.68 2182.91 2190.32 2205.62 2236.2 2295.08 2331.7 2383.71 2404.91 2462.8 2475.77 2456.3 2430.63 2402.52 2377.42 2348.42 2316.84 2297.66 2274.76 2243.41 2193.79 2160.83 2132.97 2130.44 2133.68 2143.87 2182.41 2225.81 2194.08 2164.62 2156.04 2157.63 2156.7 2146.02 2119.94 2104.62 2093.18 2090.45 2105.94
2058.72 2065.13 2085.82 2092.26 2107.34 2121.59 2127.31 2132.05 2137.71 2142.56 2147.39 2150.39 2152.97 2145.91 2150.91 2158.78 2196.36 2166.4 2134.8 2115.1 2100.08 2089.93 2091.57 2098.07 2115.15 2132.69 2145.71 2157.63 2169.65 2168.13 2172.06 2187.04 2216.18 2258.48 2300.22 2340.25 2375.22 2424.99 2452.7 2492.63 2473.65 2451.34 2428.28 2393.77 2355.71 2331.32 2310.25 2280.09 2249.63 2205.43 2176.09 2167.85 2172.38 2187.83 2241.39 2207.51 2174.41 2159.69 2161.43 2162 2148.61 2122.45 2124.29 2140.61 2156.57 2166.66 2172.47
2089.9 2098.77 2119 2130.07 2147.67 2159.41 2159.61 2162.46 2167.71 2171.07 2173.71 2173.23 2178.35 2183.64 2186.13 2206.52 2193.42 2163.98 2132.25 2109.03 2092.6 2080.7 2074.92 2063.39 2059.51 2063.77 2080.8 2103.06 2147.83 2161.21 2161.87 2167.25 2193.57 2247.41 2268.37 2315.99 2354.36 2389.3 2416.43 2437.66 2478.84 2461.23 2424.41 2389.34 2352.48 2329.91 2320.44 2294.89 2261.69 2234.39 2213.68 2213.28 2221.2 2231.29 2247.06 2208.76 2175.91 2161.75 2164.69 2161.94 2142.08 2130.83 2145.56 2161.35 2180.3 2188.18 2191.77
2131.68 2168.9 2166.14 2178.24 2189.98 2195.09 2191.06 2188.62 2197.32 2199.19 2197.96 2199.44 2199.8 2223.65 2230.88 2218.43 2196.8 2164.27 2132.18 2106.67 2089.92 2078.74 2062.1 2042.03 2035.35 2033.3 2041.48 2058.63 2107.91 2123.5 2126.87 2142.61 2157.58 2191.83 2272.35 2306.31 2327.89 2357.14 2376.86 2402.21 2447.92 2439.94 2397.16 2367.25 2350.09 2328.44 2322.61 2304.21 2277.7 2259.69 2263.7 2273.9 2262.46 2271.8 2245.52 2216.22 2201.08 2186.6 2171.55 2159.02 2148.72 2145.2 2147.8 2174.42 2195.98 2206.46 2197.99
2178.79 2206.19 2218.23 2216.91 2230.82 2234.64 2227.16 2230.06 2223.99 2227.8 2224.17 2233.69 2238.32 2251.32 2231.3 2214.74 2191.99 2161.83 2130.55 2103.63 2087.53 2074.42 2055.69 2032.67 2019.69 2011.8 2004.91 2012.23 2036.89 2057.48 2067.39 2118.53 2146.39 2174.9 2224.47 2265.8 2308.26 2327.82 2343.42 2387.82 2447.43 2424.64 2387.06 2364.34 2351.6 2336.91 2317.96 2302.02 2289.32 2299.25 2294.85 2291.99 2281.58 2266.9 2233.89 2223.68 2233.18 2222.47 2190.32 2164.61 2153.94 2157.02 2175.43 2197.04 2212.06 2195.79 2160.99
2221.94 2248.87 2259.81 2259.81 2264.63 2265.98 2269.67 2276.12 2270.79 2268.63 2277.93 2279.34 2271.8 2245.4 2226.03 2206.66 2184.74 2156.21 2128.1 2102.59 2085.07 2070.08 2052.44 2029.57 2001.44 1980.7 1967.6 1973.39 1988.03 2007.39 2028.83 2095.52 2125.82 2152.65 2199.87 2234.77 2262.07 2292.27 2341.48 2377.51 2407.78 2425.51 2396.28 2373.62 2365.9 2349.48 2329.27 2306.39 2303.02 2297.45 2299.89 2304.28 2297.78 2258.62 2237.48 2231.46 2245.64 2233.27 2206.02 2190.57 2182.03 2203.38 2223.76 2196.38 2174.84 2157.58 2127.86
2266.15 2278.04 2297.09 2299.49 2294.86 2300.44 2332.39 2332.05 2317.85 2317.85 2308.45 2287.68 2268.98 2246.6 2220.08 2196.2 2171.2 2146.21 2122.05 2100.01 2083.61 2066.58 2047.1 2025.36 1999.4 1973.72 1954.88 1951.5 1962.02 1975.41 2022.19 2072.51 2107.82 2133.12 2173.49 2186.32 2239.25 2270.57 2305.79 2367.64 2392.55 2416.7 2405.84 2389.3 2379.27 2361.6 2352.07 2336.08 2321.39 2326.3 2325.45 2308.39 2286.02 2267.69 2243.13 2246.6 2265.62 2255.65 2234.97 2229.22 2230.6 2256.42 2215.87 2176.57 2147.77 2122.45 2106.04
2303.94 2312.84 2327.73 2339.29 2340.25 2354.24 2374.1 2352.71 2327.48 2310.44 2284.76 2268.99 2249.26 2223.2 2199.48 2175.15 2154.74 2138.25 2118.56 2098.44 2079.27 2062.05 2039.32 2019.23 1997.4 1971.26 1947.66 1934.69 1941.66 1953.49 1986.5 2040.99 2078.79 2109.63 2128.8 2169.82 2215.17 2229.09 2301.64 2312.07 2344.6 2379.92 2424.9 2415.54 2399.92 2385.59 2372.61 2359.47 2335.99 2324.27 2313.92 2297.38 2277.48 2264.64 2257.76 2271.55 2274.19 2265.43 2260.84 2256.28 2241.8 2228.38 2212.4 2183.28 2151.57 2123.48 2102.73
2337.38 2346.71 2360.12 2378.01 2384.89 2394.94 2379.27 2338.61 2312.14 2292.69 2275.34 2260.36 2242.41 2204.09 2172.72 2154.71 2147.74 2149.22 2127.63 2105.97 2082.19 2062.78 2039.39 2011.7 1984.61 1963.18 1944.94 1927.99 1927.95 1932.95 1951.58 2001.07 2049.36 2082.88 2060.59 2138.15 2186.7 2221.02 2242.72 2300.7 2320.77 2380.72 2407.56 2427.82 2439.72 2406.18 2375.76 2337.69 2323.72 2306.43 2294.49 2285.31 2276.45 2263.12 2252.49 2253.16 2241.49 2232.9 2218.47 2216.44 2212.34 2201.36 2202.86 2199.52 2170.17 2141.01 2113.93
2373.21 2381.92 2390.96 2410.9 2407.88 2389.71 2363.15 2329.87 2303.86 2291.29 2285.08 2261.46 2227.61 2191.23 2160.92 2151.46 2149.31 2154.36 2136.22 2121.02 2088.79 2069.11 2044.17 2016.53 1989.36 1965.09 1940.97 1924.98 1917.17 1915.54 1925.75 1943.52 2014.7 2030.8 2055.25 2101.32 2120.73 2194.27 2230.98 2271.25 2313.02 2335.01 2365.96 2406.25 2427.1 2382.33 2344.39 2314.45 2300.77 2296.3 2294.6 2284.73 2274.68 2254.2 2254.64 2260.46 2250.32 2229.87 2203.65 2196.62 2191.96 2181.33 2194.56 2184.11 2171.36 2142.6 2109.79
