src/main/resources/alles_tmp_newnew.asc
ncols	601
nrows	301
xllcorner	3407999.5
yllcorner	5477999.5
cellsize	10
nodata_value	-9999
[rows 0 to 31 of 301, columns 0 to 71 of 601]
283.05 282.46 281.77 281.21 280.72 280.38 280.44 280.23 280.42 280.55 280.17 279.06 279.33 280.09 278.28 277.93 277.58 277.98 277.04 276.64 276.32 276.64 276.36 275.96 275.6 275.82 275.91 275.82 275.7 275.49 275.63 275.77 275.8 275.79 275.48 275.33 273.64 270.47 269.8 269.27 268.36 267.42 266.88 266.37 267.52 266.8 265.85 264.64 264.51 263.92 263.6 263.35 263.15 262.88 262.47 262.38 256.83 254.47 254.24 253.39 252.63 251.86 250.7 248.33 248.46 247.93 247.8 247.87 247.32 247.19 245.68 245.26
279.79 279.68 279.7 279.76 279.85 279.84 279.83 279.32 278.99 278.05 277.87 278.54 278.99 278.56 277.39 277.27 276.85 276.51 276.44 276.27 276.34 276.23 275.4 275.57 275.45 275.43 275.28 275.24 275.48 275.49 275.62 275.74 275.65 275.86 274.71 272.11 271.31 270.76 270.8 270.6 269.7 268.26 266.67 265.95 265.24 264.7 264.61 264.27 263.49 263.18 263.07 262.8 262.57 262.48 261.87 259.11 255.51 255.15 254.5 253.69 252.09 250.79 249.73 247.71 247.99 247.85 247.28 247.13 247.73 245.3 245.07 245.93
279.52 279.55 279.05 278.82 278.56 278.38 278.09 278.32 277.65 277.6 277.19 277.09 276.93 276.71 276.53 276.36 276.2 276.43 275.81 275.56 275.41 275.23 275.12 275.04 275.12 275.1 275.26 275 275.02 275.09 275.04 274.31 273.82 273.27 272.69 272.14 272.17 272.27 270.84 270.3 269.89 267.18 266.56 265.56 264.86 264.27 263.79 263.14 263.08 262.6 262.27 262.19 261.93 260.46 259.44 256.59 256.15 255.42 254.81 251.48 250.47 249.56 248.64 247.22 247.5 247.29 246.68 245.91 245.2 244.63 244.41 244.11
278.97 278.28 277.8 277.69 277.53 277.43 277.6 277.43 277.02 276.85 276.51 276.34 276.1 275.73 275.62 275.5 275.69 275.09 275.38 275.17 274.9 274.9 275.02 274.69 274.92 275.05 275.06 275.15 274.84 274.8 274.55 274.34 273.8 273.51 273.28 272.14 271.95 271.31 269.21 268.06 267.61 266.39 266.91 264.68 264.81 264.23 263.86 262.87 262.09 261.5 260.65 259.82 259.23 258.36 257.58 257.2 256.42 253.28 250.4 249.74 248.96 248.3 246.58 246.68 246.56 246.51 245.45 245.07 244.82 244.55 244.18 244.35
278.16 277.46 277.23 277.05 277.11 276.99 276.67 276.35 276.24 276.08 275.86 275.78 275.38 275.16 275.03 274.78 274.68 274.51 274.49 274.32 274.58 274.54 274.06 274.63 274.67 274.92 274.57 274.62 274.71 274.8 274.58 273.84 272.55 272.05 271.63 271.49 269.19 267.57 269.29 267.97 267.96 266.13 264.79 264.93 264.64 263.27 263.23 261.22 261.71 261.54 260.63 259.91 259.18 258.56 257.38 253.65 250.38 249.42 248.84 248.23 247.62 247.09 245.88 246.23 245.98 245.53 245.01 244.68 244.44 244.37 244.99 244.98
277.62 277.16 277.39 276.58 276.39 276.18 276.05 275.76 275.77 275.58 275.14 274.71 274.65 274.61 274.37 274.33 274.3 274.37 274.27 274.25 274.32 274.34 273.98 274.34 274.32 274.42 274.25 273.98 273.51 273.71 274.11 272.28 271.03 269.2 269 269.27 267.69 265.63 267.99 265.18 265.06 264.77 263.68 263.66 262.85 262.81 260.45 257.88 257.82 256.83 257.03 256.92 255.53 253.52 251.28 249.84 248.92 248.15 247.53 246.96 246.55 246.05 245.43 245.57 245.35 244.95 244.49 244.39 244.38 244.94 245 245.02
277.04 276.54 276.33 276.39 275.78 275.84 275.16 275.39 274.76 274.57 274.54 274.51 274.24 273.92 274.02 273.95 274.09 274.14 273.74 273.74 273.8 273.72 273.87 274.11 274.02 273.63 273.28 272.63 272.57 272.03 270.15 269.3 268.8 267.96 267.8 267.8 267.07 264.88 264.93 264.86 264.9 263.77 262.64 262.7 262.56 258.63 255.56 254.76 254.07 253.16 252.48 251.39 250.71 249.83 249.03 248.43 247.7 247.12 246.59 246.1 245.87 245.57 245.03 245.21 244.7 243.88 243.94 244.41 244.32 244.26 244.1 243.36
277.04 275.93 275.99 275.6 275.12 275.01 274.68 274.83 274.29 274.05 273.93 274.31 274.36 274.01 273.81 273.92 273.88 274.39 273.83 273.2 273.38 273.4 273.31 273.5 273.39 272.57 271.85 271.34 270.85 269.46 267.97 267.73 266.87 266.59 266.76 265.86 264.91 264.96 265.14 264.39 263.37 262.5 262.36 261.68 258.43 255.57 252.39 251.24 250.92 250.43 250.03 249.1 248.67 247.88 247.18 246.68 246.2 245.88 245.43 245.17 244.92 244.75 244.4 244.3 243.8 243.57 243.27 244.3 244.08 243.37 243.1 241.92
275.36 275.76 274.99 274.95 274.46 274.19 274.83 273.98 273.91 273.84 273.77 273.7 273.63 273.48 273.31 273.68 272.92 272.72 272.99 273.11 272.43 271.78 272.55 271.95 271.52 271.3 269.61 268.16 267.98 265.79 266.82 266.42 265.99 264.86 264.75 264.88 264.66 264.41 263.19 262.81 262.06 262.05 261.32 258.27 254.73 252.34 250.18 248.67 248.5 247.93 247.75 247.07 246.57 246.36 245.64 245.3 245 244.64 244.22 243.94 243.9 244.15 244.02 243.49 243.33 243.06 242.78 242.26 242.56 241.74 241.56 242.62
274.84 274.72 274.35 274.26 274.17 273.92 274.39 274.29 273.56 273.55 273.56 273.59 273.39 273.08 272.64 272.82 272.69 272.31 271.75 271.54 271.1 270.49 270.71 271.17 269.82 269.05 268 266.95 264.89 265.41 265.45 264.42 264.59 264.33 264.52 263.49 262.76 262.76 262.55 261.77 261.64 259.91 257.53 254.87 252.05 249.74 248.15 247.22 246.6 246.28 245.87 245.6 244.79 244.8 245.27 244.01 243.8 243.46 243.34 243.25 243.19 243.07 243.54 243.22 243.14 242.88 242.69 242.1 241.33 241.54 242.07 242.24
274.4 274.46 274.03 273.72 273.81 274.05 273.8 273.37 273.42 273.39 273.39 273.12 273.16 272.86 272.92 272.49 271.96 270.96 269.52 269.91 269.1 269.71 268.6 268.45 267.71 267.42 266.69 264.98 264.57 264.24 264.24 264.78 263.38 261.26 260.88 262.46 262.35 262.47 260.34 259.46 257.39 255.59 254.08 251.65 249.29 247.43 246.15 245.38 244.37 244.06 243.92 243.92 243.79 243.52 243.41 243.4 243.05 242.89 242.67 242.46 242.32 242.28 242.4 242.62 242.47 242.45 242.21 242.18 241.04 240.43 242.12 241.94
273.86 273.9 273.78 273.5 273.62 273.55 273.32 273.28 273.14 273.08 273.08 273.04 272.97 272.57 271.28 271.25 269.95 268.64 268.22 267.87 265.91 267.51 267.34 266.62 266.02 265.13 264.12 264.02 264.17 263.68 263.12 262.57 261.92 260.81 260.42 261.24 259.51 257.94 256.04 255.09 253.37 251.42 250.3 248.63 246.53 245.16 244.39 243.82 243.57 243.26 243.25 242.9 243.24 242.79 242.71 242.55 242.33 242.05 241.85 241.73 241.61 241.56 241.4 242.02 242.08 241.74 241.82 241.67 240.79 240.38 239.6 241.04
273.64 273.68 273.68 273.2 273.44 273.22 273.14 273.04 273.19 272.86 273 272.67 271.6 270.95 269.65 269.21 268.55 267.17 266.65 266.26 265.56 264.8 264.93 264.13 263.82 263.96 263.99 262.85 261.67 261.42 260.71 261.8 261.93 258.23 255.99 255.84 255.28 253.61 252.02 251.04 250.17 248.64 247.24 246.04 244.56 243.87 243.51 242.97 243.04 242.85 242.57 242.56 242.34 242.16 241.83 241.76 241.92 241.38 241.15 240.93 240.85 240.75 240.55 240.38 241.01 241.23 241.05 241.14 240.73 239.96 239.17 238.63
273.44 273.38 273.47 273.11 273.13 272.95 273.01 272.72 272.9 272.41 271.78 271.42 270.02 269.32 268.71 266.83 267.03 264.2 265.32 264.9 264.9 264.06 263.71 263.65 262.77 262.92 262.55 261.45 261.35 259.37 257.34 257.41 256.12 253.59 252.21 251.66 251.58 249.71 248.51 247.82 247.13 246.16 245.19 244.21 243.23 242.68 242.46 242.23 242.1 241.94 241.8 241.66 241.54 241.44 241.24 240.98 240.76 240.84 240.4 240.09 239.97 239.77 239.6 239.37 239.2 239.88 240.57 240.24 240.34 239.65 239.17 238.26
273.23 272.53 272.66 272.86 272.68 272.52 272.63 272.16 271.8 271.06 270.13 269.42 268.75 266.93 266.77 265.89 265.76 265.31 264.42 263.82 263.87 263.77 261.99 261.56 260.87 261.5 259.07 260.58 258.11 254.37 252.43 252.68 251.88 249.96 248.96 248.48 247.91 246.86 246.1 245.49 244.52 243.87 243.19 242.59 241.93 241.92 241.68 241.43 241.3 241.13 241.03 240.91 240.82 240.57 240.61 240.45 240.08 239.88 239.52 239.28 239.03 238.85 238.65 238.36 238.19 238.19 238.9 239.84 239.52 239.54 239.29 238.15
272.04 272.68 272.33 272.51 272.56 272.52 271.14 270.77 270.54 269.64 268.75 266.99 266.77 265.87 265.71 264.59 264.13 264.26 263.99 263.93 261.24 260.37 259.11 259.42 258.78 258.89 257.15 255.63 254.3 252.14 248.73 248.93 248.19 246.98 246.31 245.16 244.96 244.64 243.74 242.89 242.5 242.09 241.87 241.75 241.46 241.21 241.02 240.59 240.38 240.25 240.07 240.08 240.14 240.24 240.1 239.89 239.53 239.01 238.85 238.29 238.18 238.06 237.76 237.48 237.4 237.5 237.23 237.29 239.08 238.76 238.7 237.93
271.87 272.02 272.2 272 271.31 270.78 270.32 269.59 269.3 267.26 266.53 265.73 264.63 264.58 264.55 264.33 264.11 264.07 262.99 260.25 259.21 258.86 258.02 256.54 254.29 254.36 253.1 251.68 251.02 249.5 246.33 245.91 245.24 243.67 243.03 242.93 242.87 242.49 242.1 242 241.71 241.43 241.22 241.07 240.76 240.48 240.26 239.84 239.69 239.32 239.2 239.23 239.37 239.45 239.45 239.38 238.92 238.41 237.85 237.7 237.31 237.2 236.92 236.88 236.8 236.65 236.51 236.39 236.79 238.48 237.97 237.46
271.58 271.28 270.52 270.64 270.3 270.12 269.25 266.77 265.72 265.68 265.66 264.53 264.47 264.31 264.25 264.27 262.47 260.32 259.11 258.99 258.68 255.4 253.6 251.18 250.11 250.22 249.43 248.75 248.33 247.42 244.86 243.81 242.87 242.52 242.05 242.1 241.87 241.6 241.33 241.16 240.99 240.76 240.55 240.33 240.08 239.82 239.65 239.32 238.83 238.37 238.25 238.09 238.3 238.5 238.79 238.71 238.6 237.77 237.01 236.72 236.82 236.5 236.37 236.35 236.21 236.02 235.89 235.51 235.57 236.15 238.09 237.3
270.52 270.27 269.94 269.37 269.04 264.99 265.43 265.42 265.5 264.16 263.49 264.24 264.17 264.3 262 260.17 259.65 259.38 259.16 257.24 255.06 252.01 249.39 247.69 247.02 246.71 246.62 246.26 246.1 245.02 243.7 243.05 242.39 242.1 241.58 241.26 240.89 240.67 240.51 240.37 240.16 240.02 239.97 239.8 239.57 239.37 239.03 238.51 238.03 237.52 237.35 237.31 237.47 237.8 238.22 238.25 237.94 237.13 236.38 235.93 235.77 236.19 235.95 235.79 235.57 235.23 235.02 234.95 235.23 235.59 236.07 236.4
269.55 269.28 269.15 267.06 265.59 264.94 264.77 265.11 264.76 263.98 263.91 263.08 261.69 259.99 258.97 258.89 259.21 257.71 254.84 253.34 251.4 248.99 247.26 245.8 244.96 244.27 244.44 244.15 243.6 243.08 242.69 242.18 241.61 241.17 240.84 240.5 240.23 240.03 239.85 239.72 239.75 239.65 239.59 239.44 239.13 238.8 238.37 237.94 237.3 236.91 236.66 236.37 236.57 236.9 237.24 237.56 237.31 236.46 235.75 235.31 235.12 234.99 235.35 235.24 234.8 234.63 234.53 234.55 234.8 235.21 235.52 235.72
268.71 267.62 267.11 265.13 265.24 264.52 264.35 264.1 263.88 264.11 262.28 259.94 258.85 258.86 258.68 258.61 258.18 254.03 251.13 249.73 248.51 246.98 245.54 244.73 243.48 243.06 242.8 242.82 242.58 242.17 241.66 241.31 240.8 240.39 240.13 239.82 239.54 239.32 239.26 239.2 239.31 239.16 239.09 238.96 238.81 238.29 237.78 237.07 236.48 236.02 235.86 235.71 235.78 236.12 236.53 236.87 236.59 235.82 235.18 234.72 234.3 234.25 234.52 234.48 234.22 234.17 234.08 234.07 234.27 234.51 234.72 234.8
266.67 265.63 265.97 263.79 264.49 263.8 263.86 263.63 261.6 259.79 259.02 258.82 258.79 257.64 256.25 256.84 255.65 251.11 248.93 247.2 246.1 245.01 244.24 243.2 242.71 242.3 241.84 241.61 241.38 241.23 240.77 240.53 240.03 239.69 239.48 239.24 239.01 238.87 238.68 238.63 238.71 238.64 238.67 238.38 238.12 237.52 237.05 236.39 235.71 235.38 235.19 235.09 235.1 235.31 235.62 235.77 235.51 234.87 234.32 234.07 233.91 234 233.83 233.95 233.83 233.71 233.45 233.48 233.51 233.62 233.72 233.63
265.34 265.2 264.5 263.7 263.62 263.75 262.47 259.64 259.33 258.99 259.48 257.8 255.11 253.92 253.6 252.12 251.07 249.17 247.19 245.54 244.82 243.75 243.32 242.48 241.76 241.15 240.93 240.68 240.68 240.42 240.11 239.87 239.62 239.3 239.01 238.76 238.55 238.37 238.29 238.19 238.11 237.97 238.13 237.76 237.41 236.96 236.4 235.73 235.13 234.79 234.67 234.54 234.5 234.83 234.78 234.6 234.62 234.26 233.87 233.45 233.35 233.65 233.42 233.38 233.45 233.08 232.97 232.81 232.76 232.76 232.7 232.71
264.71 263.61 263.54 263.66 262.88 261.67 259.04 259.61 258.63 256.61 253.35 253.45 253.1 251.93 251.18 249.65 248.07 246.53 245.06 244.24 243.87 243 242.3 241.54 240.94 240.69 240.23 239.91 239.69 239.56 239.65 239.21 239.01 238.78 238.7 238.4 238.08 237.95 237.79 237.63 237.57 237.47 237.34 236.86 236.6 236.27 235.6 235.15 234.72 234.27 234.08 233.9 234.02 234.32 234.32 234.21 233.97 233.57 233.35 233.12 232.96 233 233.13 232.9 232.95 232.53 232.35 232.23 232.03 232.05 232.11 231.88
263.55 263.29 261.86 261.38 260.87 259.42 259.83 257.1 255.41 253.07 250.4 248.65 247.82 247.27 247.61 246.53 245.24 244.63 243.93 243.28 242.58 242.03 241.5 241.07 240.55 239.9 239.48 239.35 239.23 239.05 239.02 238.6 238.46 238.36 238.19 237.89 237.56 237.34 237.09 237.07 236.84 236.63 236.24 236.07 235.79 235.5 235.1 234.49 234.17 234.05 233.86 233.75 233.57 233.5 233.37 233.33 233.2 233.04 232.77 232.62 232.47 232.38 232.72 232.89 232.44 232.24 231.98 231.61 231.59 231.6 231.5 231.51
262.77 260.85 259.41 260.78 258.48 259.01 258.78 255.5 254.09 251.34 248.9 246.39 246.07 245.43 245.22 244.8 244.32 243.71 242.88 242.29 241.8 241.25 240.87 240.22 239.77 239.48 239.33 238.85 239.01 238.95 238.42 238.1 238.02 237.89 237.69 237.57 237.15 236.76 236.48 236.2 236.09 235.88 235.64 235.21 235.05 234.83 234.63 234.1 233.46 233.14 232.98 232.64 232.69 232.66 232.76 232.71 232.52 232.28 232.2 232.06 231.84 231.71 231.75 231.81 231.59 231.45 231.51 231.27 231.21 231.15 231.02 231
260.34 260.31 257.83 256.6 255.5 254.6 253.79 252.64 251.16 249.03 247.11 246.07 244.98 244.43 243.74 243.8 243.24 242.66 242.21 241.46 240.96 240.41 240.07 240.07 239.57 238.44 238.66 238.82 239.03 238.67 237.94 237.51 237.44 237.21 237.05 236.87 236.64 236.33 236.06 235.6 235.14 234.98 234.86 234.78 234.24 234.04 233.71 233.43 233.05 233.07 232.93 232.94 232.85 232.4 232.19 232.02 231.69 231.58 231.55 231.56 231.68 231.55 231.41 231.17 231.07 230.92 230.6 231.15 230.75 230.15 229.98 229.75
260.01 257.44 255.78 253.91 252.03 250.64 250.11 249.19 248.46 246.93 245.62 244.81 244.43 243.68 243.08 242.47 242.16 241.79 241.52 241.02 240.43 240.08 239.51 238.81 238.85 238.81 238.94 238.94 238.75 238.72 237.91 237.2 236.98 236.75 236.58 236.21 235.96 235.6 235.22 235.28 234.99 234.69 234.4 234.04 233.77 233.68 233.96 234.33 234.28 234.08 233.72 233.74 233.63 233.24 233.02 232.79 232.58 232.31 231.97 231.52 231.19 230.94 230.85 230.74 230.62 230.57 230.65 230.66 230.96 230.04 229.73 229.56
256.7 255.96 254.08 251.27 248.92 247.75 247.39 246.26 245.7 244.9 244.35 243.97 243.29 242.7 242.19 241.79 241.46 241.04 240.68 240.57 240.1 239.18 238.49 238.76 239.04 238.82 238.91 238.9 238.88 238.35 236.88 236.49 236 235.89 235.74 235.47 235.32 235.03 234.97 234.86 234.78 234.57 234.31 234.25 234.24 234.8 235.02 234.98 234.89 234.66 234.52 234.42 234.28 234.07 233.9 233.68 233.35 233.06 232.69 232.49 232.23 231.88 231.55 231.24 231.07 230.95 230.85 230.84 230.78 230.79 229.87 229.66
253.72 253.21 251.56 249.79 247.5 246.38 245.57 245.24 244.63 244.21 243.53 242.95 242.45 242.05 241.64 241.21 240.78 240.43 240.21 239.97 239.42 238.85 238.96 238.84 238.69 238.78 238.89 238.95 238.78 238.36 237.73 237.64 237.38 236.95 236.64 236.26 236.02 235.63 235.4 235.19 235.16 234.97 234.86 235.12 235.64 235.6 235.49 235.45 235.38 235.41 235.37 235.18 235.07 234.91 234.63 234.43 234.03 233.71 233.59 233.24 232.71 232.39 232.25 231.9 231.76 231.64 231.52 231.3 230.94 230.71 230.46 229.95
250.91 250.72 248.78 247.41 246 245.2 244.28 244.18 243.74 243.27 242.87 242.39 241.99 241.52 240.88 240.67 240.5 240.09 239.82 239.64 239.49 238.87 239.36 239.58 239.49 239.34 239.18 239.05 238.97 238.99 238.74 238.43 237.99 237.62 237.33 237.12 236.7 236.2 235.88 235.64 235.74 235.69 235.9 236.1 236.08 236 235.91 236 236.07 236.09 235.9 236.01 235.99 235.93 235.64 235.19 234.97 234.37 233.99 233.64 233.39 233.07 232.86 232.37 231.71 231.65 231.41 231.36 231.07 230.87 230.94 230.71
248.61 247.52 246.71 245.82 245.42 244.69 244.03 243.52 243.13 242.77 242.36 241.96 241.34 241.1 240.86 240.43 239.96 239.63 239.51 239.6 239.79 240 239.95 239.86 239.87 239.64 239.33 239.33 239.16 239.1 239.06 238.77 238.52 238.14 237.72 237.26 236.91 236.67 236.38 236.22 236.38 236 236.12 236.38 236.68 236.83 236.9 236.96 236.91 236.95 236.84 236.78 236.66 236.63 236.55 235.96 235.46 234.92 234.53 233.95 233.47 233.05 232.89 232.81 232.33 231.88 231.72 231.65 231.54 230.93 230.79 231.51
