src/main/resources/alles_tmp_newnew.asc
ncols	601
nrows	301
xllcorner	3407999.5
yllcorner	5477999.5
cellsize	10
nodata_value	-9999
[rows 160 to 191 of 301, columns 0 to 71 of 601]
262.03 261.91 261.06 259 258.73 256.1 255.5 255.48 255.35 255.22 255.31 254.27 254.13 254 253.54 253.36 253.02 252.57 252.06 251.91 251.87 251.54 249.35 248.64 248.56 248.45 248.11 247.55 246.71 246.25 245.7 244.6 243.63 243.27 242.8 242.32 241.38 241.39 241.17 240.89 240.76 240.61 240.02 238.49 238.57 238.56 238.28 237.85 238.04 238.38 238.41 238.45 238.68 239.25 240.27 240.26 240.43 240.6 241.75 241.97 242.86 242.6 243.82 245.54 244.79 244.77 245.83 245.73 246.82 247.49 247.73 247.86
262.11 261.96 259.27 259.12 256.29 256.02 255.54 255.26 255.04 255.21 254.31 254.28 254.12 253.63 252.37 252.39 252.49 252.35 251.85 251.42 250.99 249.11 248.79 248.54 248.56 248.63 248.63 245.71 245.21 245.88 245.41 244.78 243.76 242.96 242.56 242.08 241.88 241.44 241.36 240.92 240.92 240.75 239.74 239.04 238.42 238.39 238.26 238.27 238.6 238.44 238.49 239.07 239.19 239.52 240.51 240.51 240.75 241.82 242.08 242.37 244.35 244.84 245.39 245.71 245.45 246.55 247.28 247.48 247.99 248.43 248.2 248.35
261.98 259.22 259.13 256.28 255.73 255.53 255.26 254.9 254.86 254.38 254.22 254.42 253.94 252.86 251.84 251.73 251.72 251.68 251.7 251.06 250.65 250.2 248.73 248.69 248.57 248.35 247.31 245.53 245.24 245.17 244.84 244.56 244.06 243.75 242.38 242.35 241.86 241.48 241.05 241.12 240.84 240.67 239.5 239.02 238.49 238.51 238.37 238.71 238.57 238.54 238.85 239.39 240.28 240.4 240.57 241.47 241.86 242.85 243.17 244.01 245.48 246.06 246.1 247.12 247.38 247.93 249.33 250.41 251.02 248.54 249.36 250.02
258.93 258.89 256.3 255.66 255.36 255.2 254.87 254.44 254.45 254.41 254.22 253.93 253.29 252.25 251.43 250.51 251.43 251.52 251.51 251.58 251.29 249.85 249.51 249.04 248.54 248.25 246.35 245.5 245.35 245.4 245.1 244.6 244.05 243.34 243.1 242.54 241.99 241.42 241.21 241.12 240.41 240.14 239.38 239.08 238.77 238.59 238.89 238.48 238.52 238.76 238.31 240.15 240.52 240.35 241.59 241.91 243.62 244.01 244.54 245.46 245.81 246.79 247.87 247.75 248.24 249.69 251.18 251.65 251.84 251.74 250.68 250.76
258.87 256.37 255.76 255.34 255.2 255.07 254.6 254.53 254.63 254.45 253.12 252.23 252.39 252.02 251.34 251.34 251.56 251.48 251.36 251.64 251.66 251.64 249.71 248.59 248.13 247.57 245.39 245.39 245.28 245.4 245.14 244.78 244.31 243.38 242.85 242.44 242.16 241.79 241.49 240.99 240.59 240.27 240.13 239.31 239.12 239.06 238.81 238.76 238.78 239.36 240.19 240.25 240.86 241.63 241.89 241.99 244.2 244.54 244.86 245.64 246.5 247.22 250.04 250.34 250.81 251.29 251.44 251.75 251.93 251.91 251.21 251.21
258.52 256.84 255.97 255.15 255.01 254.73 254.6 254.71 254.39 252.95 252.13 252.03 252.03 251.57 251.54 251.51 251.6 251.57 251.47 251.38 251.54 250.15 248.82 248.49 247.93 247.5 246.93 245.31 245.35 245.34 244.93 244.46 244.12 243.2 242.4 241.97 242.06 242.07 241.86 240.63 240 240.08 240.29 239.93 239.44 239.41 239.69 239.19 240 240.17 240.18 241.36 241.76 242.4 241.77 242.6 244.59 244.89 245.55 246.55 247.29 250.37 250.46 250.82 248.55 251.04 251.22 251.34 251.93 251.85 251.96 252.19
257.3 255.85 255.25 254.82 254.91 254.71 254.84 254.77 252.72 252.04 252.06 252.01 251.93 251.78 251.73 251.58 251.65 251.64 251.71 251.54 249.06 248.74 248.43 248.09 246.83 247.21 246.65 246.22 245.82 245.26 244.63 244.52 244 243.15 241.18 241.13 241.25 241.88 241.88 241.75 240.39 240.69 240.83 239.82 240.01 239.76 240.04 240.11 240.17 240.25 241.34 241.46 241.87 242.86 243.65 244.57 244.96 245.79 247 247.03 247.36 249.43 250.52 250.55 250.91 250.87 251.16 251.1 251.09 251.41 251.6 251.76
257.1 255.86 255.16 255.01 254.99 255.01 254.99 254.98 252.88 252.34 251.96 251.96 251.93 251.93 251.36 251.48 251.56 251.6 251.54 248.65 248.51 248.47 248.22 245.17 245.52 244.41 245.1 245.95 245.41 244.98 244.41 243.85 243.63 241.87 240.99 240.82 240.93 240.62 241.26 241.77 241.71 241.25 240.7 240.38 240.22 240.23 240.4 240.23 240.29 241.56 241.72 241.86 242.64 243.35 245.81 246.28 246.4 247 247.27 247.45 248.31 248.89 250.29 250.26 250.18 250.41 250.69 250.88 251.29 251.5 251.63 251.86
256.84 256.4 255.19 255.19 255.24 255.18 254.9 254.83 253.85 251.9 251.9 252.09 251.99 251.75 251.67 251.54 251.47 251.27 248.64 248.6 248.76 248.58 244.51 244.12 244.43 244.19 244.45 244.89 244.86 244.7 244.19 243.74 243.06 241.28 240.75 240.53 240.47 240.45 240.4 240.67 241.69 241.74 241.94 240.51 239.63 240.72 240.51 241.23 241.33 241.68 241.97 242.53 243.28 245.39 245.62 246.34 247 247.01 248.34 248.36 249.03 249.12 249.41 249.73 250.14 250.43 250.83 251.29 251.54 251.49 251.64 252.01
256.55 255.48 255.54 255.46 255.5 254.72 253.94 253.5 252.84 252.06 252.09 252.07 251.94 251.86 252.06 250.5 250.96 248.66 248.6 248.71 248.53 244.34 244.14 244.4 244.35 244.39 244.51 244.33 244.5 244.32 244.03 243.49 243.02 240.94 240.62 240.44 240.21 240.29 240.28 240.27 241.62 241.89 241.93 241.56 241.41 241.21 241.39 241.51 241.53 241.75 242.34 244.46 244.88 245.64 247.12 246.19 247.21 247.78 248.05 248.22 248.62 249.12 249.02 250.04 250.15 250.83 251.07 251.6 251.86 252.19 252.2 252.08
256.04 255.93 255.93 252.83 253.5 254.26 253.12 252.52 251.97 251.98 252.05 251.97 252.26 251.53 248.3 244.62 248.55 248.78 248.54 247.69 244.22 244.19 244.51 244.48 244.53 244.4 243.22 243.09 244.17 244.02 243.72 243.35 241.36 240.63 240.45 240.28 240.14 239.94 240.03 241.01 242.15 242.21 241.99 241.99 242.03 241.74 241.68 241.71 242.71 243.83 244.04 244.58 244.88 247.5 247.48 246.82 246.98 247.43 247.65 248.54 249.08 249.25 249.24 250.14 250.47 251.08 251.28 251.64 251.94 252.26 252.2 252.23
256.47 256.32 253.22 254.2 253.49 252.96 252.44 252.4 251.89 251.94 252.06 252.06 250.56 247.61 243.62 243.37 244.66 248.57 246.72 244.18 244.26 244.48 244.5 244.5 244.38 243.03 243.02 244.22 244.02 243.9 243.48 243.48 240.66 240.47 240.48 240.5 240.13 240.46 240.81 242.46 242.73 242.33 242.26 242.22 242.36 242.03 242.7 243.22 243.4 244.05 244.38 244.57 244.68 246.86 247.42 247.56 247.23 247.77 247.73 248.45 249.4 249.8 249.89 249.83 250.48 251.05 251.03 251.28 251.93 252.15 252.26 252.22
256.84 255.69 254.9 253.8 253.22 252.74 252.43 252.4 252.19 250.96 251.76 249.21 245.73 243.57 243.34 242.95 243.31 243.51 244.22 244.27 244.38 244.51 244.53 244.32 243.1 243.2 244.11 244.05 243.89 242.96 243.09 243.15 240.71 240.38 240.38 240.38 240.34 240.63 242.49 242.37 242.58 242.55 242.62 242.58 242.63 242.77 242.96 243.68 243.96 244.23 244.39 244.55 244.73 244.82 247.58 247.42 247.7 247.55 248.51 248.63 249.7 249.84 250.08 249.74 250.67 251.01 251.29 251.19 251.93 252.17 252.38 252.67
257.3 254.57 254 253.57 252.86 252.42 252.48 252.03 251.25 250.72 249.75 243.85 243.45 243.31 243.06 243.26 242.11 242.8 243.46 243.91 244.35 244.35 244.16 243.06 244.18 244.2 243.93 243.91 242.81 242.53 242.55 242.48 242.25 240.21 240.17 241.06 241.03 242.48 242.55 242.3 242.5 242.57 242.46 242.6 242.76 243.08 243.65 243.89 244.14 244.27 244.41 244.57 244.7 244.81 247.5 248.2 247.82 247.82 248.59 248.85 249.18 249.89 250.24 249.88 250.62 251.28 251.41 251.44 251.7 252.09 252.21 252.49
257.34 253.57 253.39 252.87 252.26 251.71 251.27 250.84 250.43 250.02 249.26 243.72 243.16 243.13 243.16 243.59 243.37 243.07 243.21 243.37 244.63 243.69 243.09 243.43 243.67 243.85 243.81 242.67 242.57 242.35 242.27 242.19 242.22 241.37 241.22 242.1 242.39 242.55 242.6 242.57 242.62 242.63 244.23 245.81 244.25 243.38 243.66 244.15 244.27 244.41 244.42 244.55 244.55 244.9 245.31 247.82 247.91 248.28 248.28 249.18 249.13 250.05 250.45 250.47 250.77 250.95 251.05 251.6 252.33 252.88 253.37 253.57
257.27 256.63 252.62 252.39 251.71 250.91 250.24 249.73 249.57 249.73 249.22 243.92 242.99 243.16 243.28 243.51 244.07 243.22 243.21 243.3 243.08 243.07 243.26 243.16 243.1 243.31 242.75 242.62 242.43 242.23 242.36 241.99 241.87 241.92 242.21 242.26 242.5 242.5 242.48 242.71 244.9 246.23 246.22 246.21 246.28 243.58 243.86 244.35 244.4 244.53 244.53 244.62 244.78 245.1 247.13 247.77 247.98 248.1 248.71 249.28 249.41 249.99 250.11 250.14 250.85 251.72 252.71 252.6 252.78 252.07 254.05 254.16
257.13 256.83 252.73 252.62 251.37 250.13 249.4 249.06 249.63 250.4 249.05 243.66 243.31 243.09 243.21 243.39 243.57 243.67 243.23 243.07 243.24 243.28 243.12 242.9 242.78 242.68 242.49 242.32 242.15 242.23 242.05 241.99 241.94 241.86 242.27 242.5 242.46 242.72 245.33 246.31 246.25 246.26 246.32 246.32 246.39 245.03 244.24 244.46 244.56 244.69 244.71 245.74 247.85 248.02 248.15 247.77 247.96 247.96 248.95 249.12 249.6 249.8 251.4 251.91 251.61 251.07 252.83 252.74 253.08 253.21 254.15 254.23
257.35 257.01 252.66 252.64 251.3 249.23 249.17 248.99 248.83 248.71 248.4 244.34 243.7 243.19 243.2 243.21 243.2 243.05 243.01 243.31 243.26 243.04 242.83 242.81 242.75 242.37 242.27 242.19 242.1 241.99 241.95 241.91 242.02 241.99 242.21 242.26 243.15 246.4 246.29 246.22 246.34 246.42 246.36 246.34 246.52 246.62 244.54 244.71 244.8 245.25 247.78 248.01 248.18 248.16 248.06 247.88 247.98 248.07 247.98 249.41 250.55 250.72 251.71 251.96 252.03 252.3 252.46 253.19 253.23 253.49 253.62 254.5
257.07 257.02 252.49 252.44 252.56 249.17 249.03 248.74 248.28 248.17 248.1 247.81 244.22 243.67 243.37 243.11 242.87 243.01 243.35 242.63 243.13 242.86 242.87 242.75 242.78 242.71 241.95 242.07 242.1 241.94 241.91 241.89 241.97 242.09 242.03 242.27 242.76 246.19 246.41 246.43 246.48 246.51 246.59 246.53 246.74 246.72 245.32 245.3 247.8 248 248.32 248.24 247.96 247.96 247.88 247.8 247.86 247.82 248.05 250.23 250.05 251.18 251.69 251.85 252.02 252.51 252.45 253.14 253.27 253.57 252.82 254.51
256.16 255.53 253.11 250.9 249.65 249.15 248.73 248.43 248.15 247.99 248 247.66 244.32 244.11 243.61 242.97 243.07 243.2 242.58 242.59 242.57 242.91 242.8 242.81 242.71 242.49 241.99 242.08 241.83 241.98 241.98 242.09 242.22 241.96 242 242.3 242.6 243.36 246.47 246.52 246.57 246.6 246.63 246.73 246.69 246.71 247.16 245.58 245.83 248.21 248.3 248.07 247.82 247.71 247.73 247.7 247.76 247.84 247.85 248.08 250.49 251.42 251.66 251.93 252.2 252.38 251.96 253.17 253.49 253.54 253.84 254.32
254.59 254.53 254.58 250.33 249.71 248.97 248.46 248.04 247.83 247.76 247.71 247.58 244.33 244.34 243.32 243.13 243.18 242.62 242.53 242.64 242.59 242.63 242.54 242.74 242.38 242.04 242.33 241.14 241.98 242.07 242.03 241.98 242.02 242.02 241.93 242 242.63 242.56 246.53 246.56 246.7 246.73 246.67 246.74 246.71 246.86 247 246.05 246.23 248.05 247.81 247.71 247.69 247.74 247.69 247.67 247.73 247.73 247.93 248.21 251.07 251.08 251.61 250.74 252.56 252.55 252.96 253.39 253.35 253.63 254.02 254.24
254.46 253.44 253.68 250.1 249.31 248.65 248.29 247.04 247.57 247.62 247.45 244.88 244.18 243.44 243.31 243.27 243.1 242.7 242.56 242.62 242.59 242.77 242.2 242.19 242.07 241.51 240.56 240.56 241.8 242 242.02 241.92 241.91 241.87 244.36 246.85 245.94 247.58 246.93 246.79 246.83 246.73 246.82 246.75 246.86 246.87 246.95 247.33 246.59 246.88 247.83 247.54 247.68 247.53 247.78 248.09 247.95 248.1 248.14 248.22 251.28 251.53 251.86 252.12 252.59 252.71 252.98 253.32 253.63 253.89 253.97 254.09
253.39 252.83 252.25 250.37 249.16 248.09 247.1 246.52 245.91 245.37 245.11 244.3 243.46 242.9 243.3 243.29 243.17 242.8 242.62 242.54 242.37 241.99 242.02 242.01 241.45 240.5 240.48 240.61 241.9 241.93 242.23 242.07 245.09 247.91 248.15 248.21 248.23 248.28 249.24 246.87 246.93 246.89 246.8 246.9 247.04 247.06 247.15 247.5 247 247.23 247.66 247.77 247.81 247.94 248.07 247.92 247.99 248.17 249.13 251.42 251.64 251.98 252.09 252.24 252.68 252.79 253.11 253.62 253.85 254.04 253.85 253.99
251.66 250.6 250.81 249.67 247.86 247.26 246.75 246.2 245.81 244.87 244.04 243.45 243.55 243.23 242.89 242.49 242.04 242.48 241.94 241.92 242.01 241.99 241.54 241.79 240.33 240.55 240.9 242.37 243.08 242.24 244.95 248.6 248.37 248.21 248.28 248.32 248.34 248.29 248.75 247.26 246.96 246.96 246.94 247.07 247.09 247.22 249 250.06 249.22 247.68 247.88 248 247.78 247.89 248.04 248.32 250.85 251.07 251.23 251.47 251.65 252.01 252.26 252.6 252.82 253.06 253.02 253.86 253.98 253.24 254.34 255.43
250.73 250.47 250.46 248.63 247.86 247.07 246.05 244.79 244.58 244.21 243.86 243.18 242.88 242.7 242.3 242.17 242.05 241.62 241.63 241.85 241.88 240.88 240.13 240.66 242.44 241.36 242.5 242.68 243.46 245.71 248.05 248.24 248.27 248.4 248.42 248.43 248.41 248.33 248.16 249.38 247.1 247.08 247.06 247.51 249.2 250.24 250.23 250.21 250.13 247.96 248.27 247.98 247.99 248.01 249.54 250.39 250.78 250.85 251.13 251.86 252.81 252.27 252.68 252.86 252.86 253.71 253.78 253.9 253.96 254.74 255.38 256.24
249.51 249.27 247.49 246.37 246.08 245.67 245.02 244.65 244.09 244.04 243.85 243.64 243 242.34 241.49 241.45 241.34 241.42 241.87 241.92 242.26 240.97 241.02 242.18 243.04 243.04 243.36 244.91 244.85 244.88 248.42 248.22 248.33 248.38 248.49 248.55 248.46 248.37 248.28 249.13 248.13 247.68 249.5 250.12 250.27 250.4 250.35 250.28 250.25 249.69 248.58 249 249.54 249.94 250.2 250.39 250.75 251.25 251.72 252.47 253.08 253.1 253.39 253.11 253.87 254.11 254.44 254.58 255.75 255.85 255.98 256.12
247.46 247.31 247.88 246.76 246.38 245.4 244.98 243.9 243.9 243.71 243.74 243.52 242.68 242.05 241.54 241.47 241.46 241.6 242.26 242.23 242.31 242.38 241.28 243.8 244.59 245.14 245.17 244.99 246.98 247.34 248.87 248.35 248.32 248.37 248.47 248.51 248.42 248.39 248.28 248.23 249.88 249.37 249.97 250.15 250.29 250.37 250.45 250.36 250.33 250.29 249.08 249.19 249.66 250 250.46 250.62 250.77 251.14 251.67 252.72 253.03 253.33 253.71 253.58 254 254.66 254.74 254.85 255.97 256.03 256.2 256.34
249.99 249.6 248.76 247.1 246.86 245.53 244.64 243.93 243.02 242.77 242.7 242.16 241.84 241.89 241.82 241.65 241.69 241.87 242.23 242.4 242.67 242.81 242.56 245.05 245.21 245.46 245.43 246 246.64 247.64 247.64 249.37 248.17 248.34 248.45 248.42 248.46 248.48 248.32 248.31 249.31 249.67 249.67 250.24 250.32 250.51 250.51 250.42 250.45 250.37 250.07 249.75 250.44 250.76 250.75 250.6 250.78 251 251.7 252.37 253.04 253.87 254.16 253.99 254.21 254.67 255.05 255.18 256.22 256.33 256.94 257.46
249.63 248.81 248.59 247.99 246.7 245.47 244.36 243.54 243 242.47 242.21 241.91 242 242.08 242.15 241.88 242.24 242.44 243.23 242.83 243.43 244.31 244.71 245.34 245.76 246.11 245.88 246.36 246.94 247.57 247.86 249.37 248.25 248.34 248.4 248.51 248.51 248.48 248.37 248.33 248.25 249.56 249.67 250.23 250.31 250.49 250.56 250.56 250.52 250.48 250.5 250.1 250.29 250.83 250.69 250.7 250.75 250.84 251.21 252.16 253.06 253.47 255.04 254.73 254.49 255.09 255.74 256.22 256.76 257.34 258.09 258.4
249.08 248.45 247.58 247.08 245.93 244.66 244.22 243.36 242.55 242.79 242.33 242.24 242.21 242.43 242.49 242.3 242.64 242.84 243.07 243.96 244.68 245.22 245.34 245.95 246.42 246.71 246.6 246.95 247.42 247.9 248.29 248.5 249.41 248.25 248.39 248.4 248.44 248.42 248.43 248.36 248.3 249.5 249.65 249.88 250.39 250.51 250.63 250.7 250.66 250.61 250.49 250.61 250.71 251.39 250.66 250.77 250.74 250.76 251.08 251.99 253.62 253.72 254.28 255 254.69 256.65 256.82 257.23 257.97 258.11 258.36 258.61
248.17 247.92 246.66 245.65 244.9 244 243.15 243.05 242.85 242.56 242.41 242.49 242.41 242.56 242.59 242.9 243.15 243.69 244.98 245.07 245.28 246.09 246.39 246.81 247.55 247.44 247.69 247.57 247.95 248.54 248.98 248.87 249.5 248.24 248.27 248.35 248.41 248.47 248.41 248.39 248.31 248.2 249.54 250.12 250.37 250.54 250.65 250.73 250.78 250.68 250.64 250.87 250.95 251.19 250.69 250.73 250.68 250.75 251.31 251.89 253.74 254.31 254.71 255.02 254.72 257.16 257.46 257.88 258.15 258.39 258.45 258.52
247.39 246.88 245.66 244.35 243.77 243.27 243.13 243.02 242.94 242.85 242.79 242.47 242.55 242.4 242.99 243.26 243.74 245.77 246.11 246.35 246.19 246.94 246.91 248.04 248.13 248.06 248.04 248.39 248.48 248.98 249.16 249.12 249.22 249.39 248.25 248.33 248.42 248.44 248.47 248.38 248.3 248.22 249.51 250.01 250.22 250.53 250.58 250.76 250.81 250.74 250.69 250.63 251.22 251.43 250.75 250.67 250.67 250.76 250.89 253.79 254.37 255.39 255.4 255.1 254.68 257.27 258.18 258.18 258.26 259.1 258.38 258.62
