src/main/resources/alles_tmp_newnew.asc
ncols	601
nrows	301
xllcorner	3407999.5
yllcorner	5477999.5
cellsize	10
nodata_value	-9999
[rows 224 to 255 of 301, columns 216 to 287 of 601]
236.65 236.3 235.74 236.37 236.43 236.24 235.91 236.53 236.5 236.54 236.78 237.09 237.24 237.55 237.71 238.74 237.64 238.93 239.31 238.87 237.99 236.99 237.26 237.04 236.93 236.89 236.93 236.91 237.02 236.92 236.76 236.8 237.07 237.36 236.8 236.89 237.03 236.72 237.46 237.32 237.38 237.29 237.03 237.17 236.48 236.34 236.28 236.33 236.66 236.59 237.02 237.2 237.31 237.67 237.06 236.52 237.31 237.15 237.33 237.49 237.5 237.89 238.06 238.17 238.45 238.09 238.13 237.96 237.22 235.94 237.68 237.49
236.57 236.55 236.35 236.45 236.42 235.96 235.92 236.65 236.68 236.83 237.04 237.08 237.78 238.28 238.76 238.71 238.82 238.91 239.5 238.57 237.68 237.12 237.04 236.98 237.64 237.65 236.9 236.93 236.84 236.7 236.95 236.9 236.96 237.04 237 237.07 237 237.36 237.21 237.17 237.21 237.26 237.16 237.27 236.62 236.66 236.14 237.2 237.58 235.75 237.36 237.33 237.75 237.52 237.44 237.47 236.54 237.27 237.67 237.54 237.81 237.77 238.06 238.12 238.15 237.71 237.89 237.86 237.74 237.79 237.76 237.54
236.69 236.57 236.49 236.54 235.45 236.71 237.26 237.09 236.89 237.08 236.72 237.13 236.91 238.6 238.49 238.49 238.41 238.71 238.67 238.69 237.27 237.19 237.13 237.88 237.68 237.77 237.89 236.72 236.95 236.8 236.76 237 236.99 237.11 237.29 237.04 237.03 237.16 237.28 237.23 237.5 237.25 237.05 237.1 237.07 236.66 236.8 237.43 237.5 237.58 237.32 237.59 237.76 238.05 237.93 237.77 237.87 238.13 238.14 238.09 238.01 238.06 238.04 238.13 238.02 238.02 237.97 238.01 238.24 237.96 236.68 237.1
236.75 236.85 236.67 236.12 236.78 237.07 237.25 237.3 237.02 237.17 236.52 237.17 237.05 238.18 238.12 238.06 238.21 238.71 238.12 237.27 237.22 237.24 237.09 237.84 237.6 237.5 237.77 237.85 236.96 236.87 236.7 236.92 237.03 237.03 237.17 237.25 237.21 237.13 237.1 237.09 237.11 237.17 237.15 237.3 238.03 236.74 236.79 237.83 237.89 238.05 238.13 237.82 237.91 237.76 237.88 237.93 237.97 238.12 237.99 237.74 237.89 238.35 238.65 238.2 238.14 238.34 237.41 238.1 238.13 237.19 236.55 236.57
236.8 237.01 237.06 236.62 237.01 237.37 237.77 237.62 237.17 237.35 237.78 237.75 237.21 236.88 237.55 237.82 237.72 237.41 237.44 237.49 237.41 237.43 237.19 237.89 237.63 237.59 237.13 238.48 236.93 237.23 237.01 237.01 237.01 237 237.13 237.23 237.31 237.08 237.02 237.03 237.16 237.17 236.94 237.81 238.26 237.88 237.88 237.77 237.79 237.84 237.85 237.98 238.12 238.17 238.17 238.03 237.76 237.57 237.15 237.53 237.52 238.67 238.74 238.27 238.28 238.18 237.95 238.3 238.42 236.96 236.07 236.2
236.99 237.05 236.4 236.01 237.34 237.48 237.86 237.8 237.39 237.6 238.01 237.84 237.99 237.3 237.84 237.64 237.6 237.49 237.53 237.39 237.48 237.46 237.22 237.86 237.79 237.84 237.88 238.06 237.29 236.82 235.74 237.06 236.98 237.48 237.2 237.28 237.38 237.29 237.72 237.75 237.75 237.66 237.73 237.66 237.65 237.77 237.74 238.03 237.89 238.22 238.2 238.18 238.22 238.45 237.82 238.02 238.34 237.5 237.51 237.56 237.83 238.68 238.75 238.53 238.55 238.64 238.6 238.52 238.43 238.68 237.9 237.07
237.3 237.23 237.19 237.27 237.57 237.69 237.7 237.85 237.49 237.66 237.23 237.99 238.01 237.91 237.63 237.61 237.63 237.64 237.6 237.74 237.51 237.43 237.31 237.43 237.49 237.45 237.66 237.63 237.24 237.02 237.02 237.13 237.27 237.28 237.48 237.38 237.44 237.46 237.52 237.62 237.62 237.68 237.41 238.11 237.52 237.11 237.79 236.55 238.1 238.46 238.31 238.41 238.54 238.74 238.21 237.88 237.92 237.95 237.82 237.86 237.92 238.31 238.32 238.72 238.79 238.99 239.07 238.74 238.54 238.82 238.81 236.97
237.57 237.28 237.4 237.57 237.69 238.12 237.99 237.9 237.7 237.89 237.65 237.95 237.73 237.72 237.81 237.73 237.78 237.64 237.52 237.51 237.49 237.45 237.46 237.42 237.44 237.38 237.45 237.53 237.33 237.1 237.01 237.12 237.2 237.34 237.38 237.51 237.56 237.7 237.78 237.75 236.61 237.22 237.16 237.08 236.9 237.04 237.93 237.81 238.05 238.13 238.49 238.65 238.85 238.9 238.79 238.4 238.06 238.19 237.67 237.67 237.96 238.45 238.79 238.86 238.82 239.08 238.92 238.82 238.64 238.79 238.63 238.71
237.53 237.8 237.47 237.68 237.89 238.24 238.36 237.9 237.91 237.99 238 237.89 237.8 237.87 237.83 237.78 237.72 237.55 237.61 237.63 237.44 237.49 237.48 237.53 237.41 237.38 237.31 237.29 237.18 234.78 237.2 237.24 237.12 236.96 236.7 237.15 237.79 237.74 237.97 237.86 237.55 237.14 237.15 237.1 236.86 237.1 237.17 236.97 238.15 237.72 238.29 239.21 239.13 239.15 239.44 238.11 238.06 237.83 237.71 237.5 237.79 238.68 238.73 238.75 238.92 238.8 238.84 238.75 238.69 238.76 238.64 238.5
237.54 237.74 237.77 237.81 238.17 238.2 238.17 238.08 238.04 237.95 237.91 238.69 237.98 237.95 237.9 237.81 237.58 237.25 237.05 237.52 237.38 237.5 237.66 237.48 237.87 238.18 238.44 238.09 237.45 237.57 237.28 237.09 237.35 237.34 237.32 237.82 237.81 237.84 237.84 238.09 237.56 237.77 237.69 237.38 237.21 237.37 237.34 236.86 237.98 238.37 239.33 239.28 239.45 239.36 239.67 239.58 239.33 238.63 238.82 239.12 239.16 239.18 239.01 239.02 238.93 238.85 238.92 238.95 238.94 239.04 238.86 238.76
237.56 237.49 238.18 237.65 237.98 238.21 238.23 238.02 238.04 238.39 238.62 238.49 238.27 237.97 237.76 237.66 237.48 237.05 237.14 237.54 237.41 237.41 237.59 237.55 237.76 238.54 238.37 238.41 237.67 237.42 237.25 237.27 237.29 237.43 237.6 237.9 237.38 237.68 238.05 238.11 238.24 238.06 238 237.84 237.25 237.44 237.88 238.36 238.7 239.15 239.66 239.55 239.83 239.74 239.7 239.72 239.46 239.37 239.29 239.26 239.33 239.25 239.03 239.2 239 239.21 239.38 239.29 239.13 239.23 239.08 239.22
238.22 237.73 237.77 238.27 238.09 238.34 238.13 238.07 238.93 238.77 238.61 238.35 238.19 237.94 237.73 237.56 237.48 236.91 237.54 237.49 237.41 237.41 237.7 237.75 237.51 238.39 238.38 237.65 238.41 237.4 237.52 237.45 237.3 237.8 237.84 238 238.1 238.03 237.63 238.19 238.26 238.53 238.59 238.52 238.54 238.97 239.16 239.31 239.32 239.47 239.38 239.48 239.58 239.81 239.95 240.07 239.74 239.68 239.33 239.31 239.1 237.74 238.3 238.7 239.29 239.5 239.82 239.95 239.26 239.31 239.18 239.07
238.04 238.28 238.23 238.43 238.29 238.22 239.15 238.76 238.83 238.76 238.73 238.41 238.21 238.03 237.75 237.56 237.51 237.56 237.6 237.82 237.59 237.62 237.68 237.83 237.63 238.6 238.31 238.21 238.25 237.43 237.56 237.54 236.91 238.16 237.2 237.08 238.31 238.58 238.26 238.58 238.5 238.55 238.77 238.65 238.74 238.8 238.89 239.03 239.28 239.44 239.67 239.8 239.91 240.16 240.34 240.47 240.13 239.77 239.77 239.41 239.21 238.99 238.38 239.19 239.54 239.74 239.93 239.92 239.48 239.39 238.76 239.75
241.03 238.49 238.38 238.36 238.39 238.96 239.15 239.2 238.85 238.82 238.68 238.35 238.21 238.08 237.83 237.7 237.74 237.76 237.79 237.93 238 237.95 237.73 237.92 237.6 238.84 238.82 238.6 237.67 237.8 237.77 237.73 237.77 237.97 238.23 238.28 238.24 238.16 238.24 238.4 238.57 238.62 238.73 238.88 238.93 239 239.03 238.94 239.14 239.11 238.84 239.85 239.52 240.03 240.78 240.71 240.57 240.12 239.88 239.22 239.22 239.1 240.2 240 239.73 239.89 239.97 239.97 239.73 239.51 239.6 239.75
238.6 238.48 238.35 239.3 239.11 239.25 239.16 239.13 239.03 238.95 238.76 238.59 238.38 238.37 238.16 238.15 238.14 238.26 238.18 238.16 237.98 238 237.92 237.89 237.72 237.65 237.79 237.87 237.73 237.85 237.73 237.84 237.88 237.96 237.97 238.19 238.34 238.48 238.55 238.47 238.6 238.74 238.78 238.81 238.82 238.88 238.61 238.46 238.35 238.42 238.54 238.62 238.49 240.76 241.01 241.01 241.17 240.79 240.96 239.12 239.24 239.9 239.75 238.71 239.99 240.12 239.87 239.76 239.86 239.66 239.91 239.84
238.47 239.38 239.24 239.32 239.35 239.39 239.51 239.42 239.31 239.12 238.98 238.9 238.79 238.74 238.71 238.63 238.48 238.7 238.33 238.29 238.25 238.15 238.45 238.21 237.83 237.73 237.75 237.84 237.6 237.69 237.84 238.07 238.12 237.93 238.07 238.46 238.44 238.49 237.7 237.83 237.98 238.51 238.82 238.93 238.9 238.39 238.48 238.42 238.29 238.61 239.09 239.16 240.54 241.48 241.46 241.31 241.54 241.46 241.52 240.54 240.09 240.27 238.55 239 240.22 240.18 239.79 239.78 240.24 239.83 239.85 239.64
239.38 239.35 239.38 239.74 239.82 239.79 239.8 239.88 239.62 239.53 239.44 239.34 239.4 239.55 239.34 239 238.82 238.72 238.61 238.76 238.93 238.82 238.52 238.15 237.97 237.66 237.82 237.69 237.7 237.39 237.14 237.25 237 236.62 237.59 238.45 238.34 236.69 238.39 237.67 238.05 238.34 238.59 238.98 238.96 239.11 238.66 238.77 238.96 239.16 239.25 239.24 241.32 241.8 241.91 241.7 241.79 241.89 241.66 241.68 239.5 239.21 238.47 238.49 240.57 240.06 240.17 240.8 241.26 240.08 240.24 240.37
239.58 239.97 240.41 240.73 240.31 240.37 240.35 240.45 240.44 240.33 240.31 240.33 240.24 240.03 239.57 239.35 239.15 239.03 239.62 239.42 239.15 238.67 238.45 238.25 237.95 237.74 237.79 237.67 237.74 236.64 237.23 237.24 237.14 237.4 237.47 238.19 238.44 238.17 238.37 238.16 238.22 238.25 238.24 238.73 239.08 239.21 239.29 238.23 239.11 239.13 239.75 241.23 241.38 241.6 241.86 242.12 242.04 242.27 242.31 242.13 238.66 238.54 238.54 238.58 240.85 240.83 240.41 240.54 240.65 240.45 240.52 240.33
240.46 241.46 241.77 241.61 241.18 241.05 241.21 241.4 241.63 241.7 241.22 240.85 240.65 240.15 239.81 239.66 240.16 240.09 239.72 239.34 239.12 239.06 238.62 238.47 238.23 237.8 237.81 237.95 237.64 237.74 237.44 237.4 237.23 237.32 237.35 238.08 238.48 238.37 237.83 238.36 238.14 238.32 238.17 238.2 238.9 239.24 239.25 239.46 238.42 240.91 241.26 241.37 241.66 242.36 242.6 242.46 242.36 242.7 242.83 243.07 238.55 238.48 238.76 238.77 241.46 241.62 240.98 240.97 240.91 240.74 240.71 240.66
241.64 241.68 241.63 241.68 241.81 241.67 241.87 242.13 242.19 242.17 241.81 241.42 240.91 240.66 240.96 240.73 240.43 239.9 239.8 239.59 239.46 239.56 239.11 238.51 238.1 237.95 237.83 238.03 237.87 237.44 237.67 237.47 237.28 237.49 237.28 238.06 238.5 238.8 238.62 238.77 238.76 238.18 238.51 237.71 238.32 239.22 239.45 239.56 240.29 240.58 242.46 242.61 242.56 242.81 242.81 242.64 242.7 243.05 243.03 242.66 242.48 242.29 242.11 241.9 241.7 241.48 241.24 241.17 240.93 240.88 240.8 240.8
241.76 241.72 241.75 241.76 241.82 241.91 242.36 242.47 242.8 242.41 242.19 241.91 241.61 241.41 241 240.43 240.38 240.19 239.55 239.24 239.6 239.05 238.5 238.46 238.09 238.01 237.94 238.02 238.02 237.9 237.67 237.73 237.55 237.57 237.54 238.03 238.74 238.77 238.88 239.01 239.24 239.42 239.43 238.67 238.48 239.2 239.76 239.8 240.13 240.81 242.04 241.75 241.59 241.95 242.22 242.59 242.85 243.18 243.05 242.89 242.64 242.58 242.25 241.77 241.47 241.54 241.4 241.83 242.47 241.49 241.45 241.95
242.48 242.1 241.76 241.86 241.93 242.38 243.61 242.93 242.5 242.52 242.48 242.07 241.68 241.22 241.06 240.73 240.26 240.32 239.54 239.28 239.41 238.69 238.49 238.48 238.5 238.17 237.93 237.98 238.02 238.09 238.25 238.06 237.67 237.5 237.65 237.76 238.76 238.76 238.63 238.96 239.56 239 238.88 239.41 239.51 238.46 240.34 240.03 240.31 240.65 240.99 241.22 241.54 241.9 242.53 242.77 243.14 243.54 243.84 243.59 243.08 243.04 243.05 243.04 244.19 244.91 244.2 244.49 244.65 243.02 242.34 242.3
243.12 242.84 242.36 242.07 243.44 244.62 244.08 244.21 243.4 242.71 242.24 241.84 241.4 241.46 241.25 241.23 240.65 240.13 239.32 239.22 239.23 238.58 238.34 238.51 238.29 238.14 237.9 238.13 238.17 238.29 238.33 238.44 238.23 237.77 237.4 237.32 238.61 238.81 239.35 239.49 239.58 239.6 239.5 239.69 239.87 240.02 239.92 240.16 240.36 240.52 240.94 242.15 242.81 242.69 242.57 242.4 241.5 243.96 244.18 244.2 244.42 244.09 243.77 243.57 244.54 244.85 244.6 244.92 244.93 243.71 243.04 243.18
243.83 243.92 244.26 244.7 244.67 245.02 243.9 243.35 242.86 242.44 242.37 242.01 241.41 241.06 241.13 241.02 239.77 239.61 239.35 239.44 239.29 239.11 238.48 238.58 238.16 237.97 238.14 238.03 237.86 238.38 238.37 238.53 238.58 238.41 237.42 238.63 238.84 238.99 239.06 239.34 239.48 239.6 239.51 239.66 239.63 239.76 240.21 246.54 241.45 241.01 241.22 242.61 242.19 242.7 242.42 242.31 242.4 244.45 244.52 244.89 244.57 245.21 244.66 244.42 246.88 248.19 248.26 246.14 248.03 246.92 243.95 243.75
244.43 244.72 244.86 245.04 244.54 244 243.48 243.06 243.12 242.44 242.1 241.84 241.4 240.9 240.56 239.89 240.23 239.83 239.43 239.39 239.48 239.18 238.73 238.48 238.35 238.07 237.97 237.92 237.98 237.84 238.38 238.63 238.51 238.74 238.96 239.26 239.13 239.05 239.46 239.37 239.43 239.6 239.74 242.91 249.24 249.2 249.18 250.1 249.11 241.62 241.76 242.48 242.35 242.2 242.24 242.31 242.42 244.82 244.97 245.31 245.37 245.29 245.2 244.71 246.61 248.03 248.35 248.08 248.2 247.79 244.79 244.32
245.01 245.14 245.12 244.7 243.99 243.67 243.54 243.59 243.18 240.88 242.71 242.65 241.75 240.89 240.66 239.5 239.92 239.68 239.57 239.32 239.17 238.72 238.67 238.57 238.18 238.26 238.41 238.49 238.8 238.23 238.63 238.65 238.61 238.74 238.91 238.88 239.1 239.18 239.24 239.74 244.33 247.95 249.3 249.12 249.17 249.07 249.17 249.64 249.31 242.14 242.21 242.46 242.24 242.35 242.75 243.43 244.96 245.76 245.36 245.65 245.72 245.6 245.45 244.92 247.51 247.98 248.09 248.11 248.05 247.9 246.18 245.08
244.9 244.95 244.61 244.34 244.58 244.06 243.3 243.94 244.14 243.28 242.6 242.37 241.95 241.5 240.32 240.59 239.92 239.82 239.51 239.15 239.16 238.86 238.59 238.33 238.23 238.42 238.11 238.24 238.52 238.64 238.92 238.95 238.8 238.86 238.92 239.06 244.25 245.9 247.22 249.3 249.06 249.34 249.52 249.62 249.46 249.09 249.07 249.2 249.29 242.43 242.58 243.3 244.3 244.75 246.99 246.54 246.15 246.04 246.02 246.1 246.28 246.12 245.93 246.39 248.12 247.94 247.9 247.47 247.39 247.71 247.98 245.92
244.93 244.87 245.04 244.75 244.48 244.17 243.71 244.03 243.1 243.11 242.82 242.21 242.12 240.83 240.47 240.2 240.29 239.03 239.45 239.18 238.73 238.51 238.43 238.26 238.6 238.63 238.72 238.55 238.62 238.63 238.74 238.85 240.56 242.77 244.08 246.99 248.82 248.95 248.57 248.21 249.35 249.49 249.42 249.24 248.93 249.15 249.09 249.17 249.12 249.14 248.79 248.32 247.85 247.45 247.2 246.85 246.66 246.59 246.55 246.62 246.81 246.41 246.52 246.64 248.19 248.51 247.87 247.9 247.96 247.93 247.35 246.74
244.96 245.58 245.63 245.58 244.46 244.45 244.01 243.32 242.92 242.6 242.65 242.26 241.57 240.74 240.46 239.91 240.1 239.57 239.18 239.08 238.95 238.51 238.41 238.48 238.51 238.41 238.58 238.54 238.72 240.66 241.15 243.31 245.88 248.71 248.85 248.83 248.63 248.31 248.42 248.05 248.47 249.2 249.12 248.98 249.11 249.09 249.24 249.21 249.19 249.28 248.94 248.48 248.17 247.7 247.5 247.05 246.89 246.93 246.96 247.03 247.14 247.14 247.34 247.8 248.22 248.36 248.09 247.89 247.66 247.44 247.19 247
245.08 244.65 245.29 244.93 244.55 244.31 243.23 243.21 242.73 242.63 242.43 242.14 241.02 239.99 240.41 239.92 239.59 239.57 238.99 239.25 238.86 238.6 238.54 238.41 238.53 238.69 238.58 239.95 242.81 245.14 247.79 248.78 248.69 248.59 249.29 249.15 248.64 248.39 249.23 249.15 249.17 249.03 249.08 249.04 249.06 249.21 249.19 249.28 249.28 249.23 248.99 248.65 248.49 247.99 247.59 247.19 247.24 247.54 247.39 247.41 247.47 248.2 248.22 248.24 248.13 248.02 247.88 247.72 247.76 247.65 247.51 247.65
245.47 244.48 244.48 245.2 244.11 243.95 243.82 243.04 242.54 242.3 242.14 242.01 239.3 240.49 240.16 240.13 239.51 239.67 239.36 239.48 238.52 238.6 238.39 238.57 238.55 239.63 243.8 246.95 248.99 248.71 248.84 248.93 248.33 248.42 249.41 249.23 249.21 249.18 249.05 249.07 248.71 249.15 248.86 249.13 249.04 249.2 249.12 249.33 249.29 249.24 249.1 248.74 248.35 247.95 247.84 247.85 247.51 247.62 247.7 247.75 247.77 248.09 248.02 248.04 248.04 247.81 247.76 248.03 248.25 248.62 248.96 249.02
245.3 244.82 243.99 243.94 243.71 243.85 242.96 242.67 242.46 240.79 242 241.2 240.62 240.57 240.44 240.31 239.91 239.68 239.53 238.06 238.55 238.55 238.52 238.2 238.87 244.84 249.1 248.63 248.76 249 249.04 249.09 248.39 248.36 249.11 249.21 249.24 249.3 249.09 249.19 249.2 249.2 249.02 249.12 248.89 249.15 249.24 249.28 249.28 249.24 249.18 248.9 248.56 248.28 248.06 248.03 247.64 247.66 247.96 248.03 248.03 248.02 248.02 248.2 248.2 248.28 248.94 248.86 249.08 249.16 249.29 249.08
