src/main/resources/alles_tmp_newnew.asc
ncols	601
nrows	301
xllcorner	3407999.5
yllcorner	5477999.5
cellsize	10
nodata_value	-9999
[rows 96 to 127 of 301, columns 504 to 575 of 601]
261.06 262.16 263.62 264.21 265.04 266.82 267.49 268.01 268.54 270.83 273.1 274.36 276.08 278.01 279.61 281.77 283.62 285.6 287.5 289.02 291.35 293.26 294.91 294.16 296.41 298.98 301.08 301.8 302.1 303.23 303.48 303.72 303.8 303.96 303.54 303.6 302.84 302.4 301.94 302.11 302.4 302.48 302.18 301.79 300.87 300.11 299.18 299.18 298.43 297.7 296.45 295.01 293.84 292.52 291.7 290.87 290.32 289.51 288.72 287.99 287.05 286.41 285.92 286.2 286.8 287.98 288.83 288.34 288.4 288.77 289.2 290.42
260.95 262.54 264.14 264.99 265.23 266.88 267.57 268.78 269.51 272.69 274.04 275.52 276.7 278.59 280.87 282.68 284.01 285.12 286.43 287.86 290.06 291.47 293.13 293.19 294.11 295.76 298.41 299.14 299.51 300.34 300.64 300.73 300.36 300.1 301.36 300.99 300.06 299.88 299.63 299.46 299.55 299.5 299.38 299.12 298.11 297.84 297.35 296.94 296.5 295.92 294.71 293.51 292.32 291.51 290.39 289.48 289.16 288.59 287.55 286.54 286.09 285.59 284.88 285.58 286.28 287.77 288.05 288.06 287.51 288.66 289.62 290.71
260.93 262.99 263.4 264.94 265.89 266.98 267.94 269.46 270.45 272.96 274.16 275.96 277.28 278.83 281.45 282.79 283.35 284.29 285.28 287.24 289.28 290.61 291.8 292.29 291.43 293.48 294.88 296.34 296.9 297.42 298.06 298.2 297.63 298.28 298.4 298.08 297.71 297.51 296.77 296.61 297.38 297.41 297.08 296.99 296.29 295.87 295.43 294.82 294.02 293.61 293.06 292.12 290.94 290.02 288.89 288.11 287.58 287.38 286.31 285.24 285.01 284.4 284.06 284.36 284.19 285.67 286.6 287.44 287.83 288.94 290.48 291.28
261.72 263.94 264.23 264.9 266.7 267.09 268.82 270.41 271.97 272.62 274.02 275.39 276.81 278.06 279.54 280.51 281.58 283.01 284.73 286.17 287.66 289.05 290.11 291.62 290.77 291.51 292.11 293.72 294.21 295.18 295.25 295.71 295.73 295.32 295.6 295.65 294.63 294.54 294.29 294.63 295.5 295.73 295.57 295.18 294.47 293.71 293.23 292.67 291.96 291.88 291.53 290.7 289.63 288.43 287.35 285.72 285.56 285.43 284.88 284.17 283.7 283.15 283.3 284.31 283.52 283.98 284.13 285.57 287.49 289.01 290.06 290.46
262.33 264.49 265.07 265.16 266.6 267.19 268.3 270.51 271.3 272.51 273.23 273.29 274.38 277 277.44 278.77 280.34 281.96 283.68 284.87 286.03 287.62 289.05 290.05 289.91 289.27 290.05 291.28 292.46 292.57 293.05 293.04 292.83 292.79 293.11 292.83 292.42 292.01 292.2 292.62 293.36 293.5 293.38 292.74 291.93 291.05 290.28 290.1 289.92 289.67 289.3 288.52 287.38 286.39 285.38 284.33 283.82 283.17 283.44 282.64 282.51 282.16 282.02 282.52 282.39 282.66 282.62 283.17 287.23 288.09 289.35 289.82
262.05 265.03 264.56 266.1 266.45 267.01 267.97 268.93 270.14 270.57 270.76 272.28 273.2 275.36 276.79 277.66 278.9 281.1 282.66 283.98 285.12 286.74 288.06 288.69 289.38 288.32 288.27 289.12 290.54 291.59 291.02 290.42 290.22 289.96 290.03 289.77 289.7 289.55 289.81 290.03 289.78 289.35 288.98 288.07 287.55 286.99 286.4 285.98 285.06 284.5 283.97 282.93 282.04 281.49 280.94 280.61 280.6 280.58 281.05 281.58 281.16 280.58 281.26 282.37 282.36 282.44 282.59 282.78 286.81 288.99 289.44 289.41
262.78 264.42 264.47 266.25 266.91 267.71 268.31 269.23 270.18 270.56 270.84 271.92 273.34 275.17 277.2 278.65 279.59 280.15 282.34 283.65 284.93 286.08 286.83 287.47 288.12 287.4 287.15 286.69 288.56 289.86 289.23 288.01 287.23 286.85 286.86 287.13 286.6 286.02 285.34 284.69 284.23 283.78 283.4 282.52 282.06 281.89 281.84 281.23 280.84 280.7 280.78 281.25 280.53 280.63 280.59 280.67 280.53 281.32 282.02 280.93 281.01 280.37 281.21 282.23 282.43 282.41 282.48 282.43 286.37 287.92 287.82 287.88
263.49 264.29 265.66 266.17 267.68 267.75 268.85 270.39 270.77 270.84 271.23 272.05 273.29 275.98 278.74 280.11 281.72 282.25 282.75 283.5 284.62 286.05 286.09 286.33 286.48 286.54 285.91 285.44 285.35 286.71 285.58 284.4 283.58 282.98 282.61 281.93 281.63 281.43 281.55 281.21 281.38 281.23 281.27 281.21 281.09 281.19 281.41 280.69 280.53 280.8 280.62 280.69 280.4 280.57 280.6 280.64 281.77 282.48 282.29 280.73 281.36 280.81 281.93 282.26 282.42 282.55 282.34 282.62 285.58 286.18 286.49 286.61
263.47 264.18 265.81 267.08 267.53 268.82 269.47 270.8 270.98 271.47 272.45 272.73 273.42 276.79 280.38 281.23 282.13 282.54 283.36 283.93 284.26 285.62 285.65 285.47 285.38 285.24 284.86 284.42 283.36 282.74 280.72 280.15 280.29 280.32 280.25 280.25 280.16 280.14 280.17 280.02 280.13 280.79 280.34 280.32 280.4 280.31 280.32 280.71 280.97 281.01 280.38 280.67 280.63 280.65 280.61 281.17 282.42 282.8 281.9 281.22 281.26 281.55 281.96 282.44 282.58 282.39 282.18 282.6 284.76 285.29 285.35 285.4
263.95 265.35 265.86 267.52 267.72 269.18 269.78 271.18 271.48 271.65 274.33 273.73 273.6 278.94 280.94 281.91 281.99 282.83 283.22 284.01 285.04 285.52 285.12 284.72 284.77 284.5 283.93 282.92 282.7 281.76 280.68 280.17 280.21 280.17 280.11 280.15 280.21 280.17 280.1 280.35 280.38 280.53 280.31 280.33 280.38 280.29 280.25 280.29 280.36 280.4 280.34 281.15 281.28 280.78 281 282.2 282.73 282.09 281.47 281.14 281.15 281.72 281.92 282.67 282.65 282.11 282.18 282.46 283.89 284.12 284.34 284.5
263.89 265.45 267.23 267.48 268.35 269.36 269.84 271.41 272.35 273.41 273.73 273.78 275.59 279.38 280.73 281.86 282.36 282.74 283.68 284.52 285.66 286.08 285.57 284.69 283.18 282.19 282.01 282.26 281.63 280.99 280.91 280.49 280.26 280.21 280.4 280.43 280.67 280.86 281.22 281.47 281.29 280.97 280.78 280.27 280.33 280.32 280.36 280.42 280.39 280.23 281.23 281.13 281.31 281.54 282.16 282.07 281.8 281.51 281.22 281.24 281.27 281.54 281.85 282.21 282.08 281.86 281.97 282.22 282.4 282.94 283.13 283.3
265.16 265.6 267.43 267.63 269.42 270.08 270.78 271.78 272.75 273.47 273.61 273.86 276.48 280.33 281.22 281.98 282.84 283.71 284.54 285.63 285.91 285.85 285.71 284.69 284.07 282.93 281.08 278.69 278.89 281.1 281.13 281.09 280.88 280.74 280.77 280.82 280.88 281.44 282.41 282.71 282.58 282.38 281.89 281 280.99 280.34 280.27 280.3 280.74 280.92 281.15 281.2 281.28 281.19 281.2 281.15 280.92 281.08 281.34 281.76 281.71 281.63 281.85 281.93 281.98 281.92 281.79 281.97 282.01 281.96 282.14 282.21
265.07 267.45 267.34 268.8 269.72 270.43 271.33 272.25 272.81 273.31 273.62 274.38 276.91 280.16 281.68 283.02 283.89 284.36 285.27 285.85 285.64 285.7 285.6 284.96 284.05 282.98 281.59 279.44 277.14 276.5 280.79 281.05 281.07 280.96 281 280.98 281.29 282.14 282.14 281.64 281.66 282.04 281.99 281.24 281.26 281.17 281.13 281.11 281.06 281.03 281.26 281.19 281.07 280.21 280.1 279.53 280.22 280.09 280.91 280.98 281.15 281.35 281.45 281.34 280.77 279.81 280.1 280.15 280.25 280.74 280.98 280.94
265.63 267.24 267.76 268.93 270.01 271.33 272.77 273.8 273.4 273.43 273.44 274.39 277.74 280.86 282.38 283.31 284.29 285.18 285.4 285.55 285.44 285.4 285.14 284.52 283.78 282.89 281.86 279.46 277.6 275.6 275.02 278.97 281.08 281.05 281.22 281.33 281.26 281.26 281.23 281.2 281.26 281.21 281.11 280.95 280.52 280.05 279.43 278.8 277.77 276.96 276.18 275.75 275.44 274.66 273.74 273.46 274.07 277.32 276.91 277.66 278.37 278.78 279.08 279.06 278.65 277.94 277.94 278.75 278.81 279.13 279.4 279.13
266.4 266.89 268.17 269.31 270.73 272.26 273.92 275.49 276.45 276.43 275.36 274.69 279.87 282.21 283.44 284.07 285.02 285.51 285.87 285.73 285.35 285.13 284.51 283.91 283.29 282.02 281.25 278.34 276.73 275.4 274.34 273.57 276.63 280.34 280.98 280.86 280.5 279.54 278.86 278.13 277.47 276.7 276.01 275.34 274.69 274 273.95 274 273.83 273.47 273.27 273.29 272.98 272.89 273.12 272.41 272.08 271.83 272.66 274.14 274.9 275.65 276.46 277.15 276.6 276.21 276.29 276.47 276.85 276.88 276.95 277.13
266.64 267.29 268.82 270.34 271.86 273.76 275.87 277.5 278.87 280.08 280.69 281.8 282.79 283.24 284.05 284.94 285.73 286.11 286.08 285.79 285.34 284.77 284.15 283.32 282.38 281.47 280.77 280.08 276.54 275.24 273.95 272.89 272.31 274.6 275.21 274.41 273.73 272.96 272.44 272.92 273.46 273.42 273.62 273.6 273.34 272.89 272.34 272.27 271.82 271.41 270.95 270.88 270.51 270.48 270.41 270.86 270.6 270.32 270.17 270.56 271.68 272.83 274.14 275.28 275.39 275.14 275.09 275.55 275.55 275.46 275.67 275.38
267.21 267.92 269.51 270.85 272.88 275.48 277.71 279.45 280.74 281.71 282.4 282.93 283.31 283.8 284.58 285.46 285.98 286.27 286.12 285.72 285.19 284.78 284.31 284.36 282.86 281.11 280.44 279.59 278.78 275.68 274.39 273.24 271.71 271.09 270.99 270.52 270.25 269.86 270.14 271.08 272.2 272.13 271.89 272.46 272.55 271.59 271.12 270.73 270.15 269.93 269.44 268.94 268.79 268.91 268.95 269.19 269.13 268.96 268.99 269.57 270.92 271.84 273 273.72 273.55 273.8 274.12 274.07 273.83 273.99 273.39 275.39
268.32 269.59 270.58 271.54 273.64 276.29 278.3 279.83 281.33 282.46 283.38 283.96 284.31 284.83 285.29 285.81 286.18 286.18 286.1 285.76 285.61 285.08 285 284.56 282.19 281.13 280.32 279.39 278.28 277.69 275.26 273.6 272.51 270.89 269.77 269.67 269.14 268.71 268.36 268.7 269.13 270.13 270.63 271.15 270.82 270.04 269.74 269.73 269.04 268.41 268.44 268.22 267.93 267.85 268.55 268.56 268.67 268.28 269.19 268.71 269.74 270.73 271.58 271.68 271.68 271.99 272.62 272.18 272.55 272.73 274.35 273.49
269.48 270.6 271.98 273.29 274.21 276.31 278.41 280.57 281.88 283.49 284.59 285.14 285.45 285.68 286.16 286.51 286.54 286.46 286.35 286.36 286.14 285.59 285.36 284.71 281.36 280.98 280.09 279.27 278.88 277.05 276.14 274.1 272.63 271.1 269.75 268.67 268.27 267.99 267.64 267.76 267.73 268.38 269.36 269.64 268.54 268.83 268.46 268.41 268.23 267.59 267.18 267.38 266.69 267.43 268.25 268.49 268.72 268.97 269.3 269.42 268.95 269.74 269.54 270.05 269.63 269.8 270.01 270.68 271.04 271.8 272.89 274.01
270.11 271.43 273.02 274.93 275.98 277.19 278.82 280.75 282.27 283.79 285.36 285.88 286.3 286.72 287.03 286.9 287.02 286.85 286.61 286.23 286.2 285.56 285.32 283.82 281.31 280.82 280.09 279.16 278.59 276.89 275.61 274.57 273.01 271.31 269.88 269.28 268.83 268.19 268.11 267.87 267.77 267.73 267.79 268.21 267.84 267.7 267.42 267.53 267.45 266.86 266.33 266.13 266.13 267.24 268.32 268.37 268.45 268.61 269.2 269.27 268.81 268.75 269.12 269.49 271.57 270.04 269.79 270.02 270.41 271.38 273.49 274.03
271.36 272.36 273.91 275.66 277.22 278.48 279.68 281.08 282.46 283.73 284.96 285.98 286.81 287.17 287.35 287.65 287.47 287.11 286.46 286.02 285.49 285.15 284.5 281.64 280.99 280.4 279.69 279 278.39 275.86 275.22 274.18 272.78 271.31 269.8 269.91 270.09 268.92 267.98 267.87 267.87 267.4 267.24 267.21 267.29 266.83 267.44 266.18 266.04 265.54 265.27 265.31 265.32 265.29 267.54 267.96 268.18 268.37 268.58 268.72 268.73 268.85 271.34 271.12 269.15 268.96 269.13 269.65 269.89 270.18 271.1 272.28
272.59 273.97 275.22 276.62 278.62 280.17 281.36 282.26 283.36 284.64 285.52 286.52 287 287.25 287.53 288.43 288.07 287.4 286.64 286 285.08 284.53 283.03 281.14 280.57 279.92 279.37 278.74 276.32 275.7 274.8 273.5 272.78 271.45 269.81 269.95 269.22 268.31 268.07 267.94 267.62 267.29 267.24 269.17 269.03 267.49 267.04 266.05 265.45 264.33 264.37 264.16 264.43 264.48 264.55 264.5 264.66 264.38 266.12 268.25 268.54 268.63 268.56 268.79 268.56 268.47 268.54 271.11 272.03 269.55 270.59 271.69
273.8 275.39 276.85 278.34 279.92 281.44 282.75 283.74 284.81 285.78 286.74 287.2 287.43 288.4 288.95 289.18 288.51 287.51 286.67 285.69 284.68 283.7 281.2 280.67 279.97 279.55 279.05 277.21 276.2 275.14 274.15 273.37 272.04 271.36 270.73 269.85 269.45 268.86 268 267.92 267.42 267.22 269.24 267.74 267.66 267.32 267.09 266.78 266.48 263.73 263.57 263.48 263.71 263.61 263.84 263.56 263.13 262.77 263.38 264.31 267.94 268.33 268.45 268.41 268.33 268.14 268.23 268.91 269.42 269.33 270.31 271.33
275.17 276.98 279.1 280.56 281.88 283.01 284.35 285.58 286.43 287.25 287.88 288.42 288.8 289.06 289.18 288.61 288.08 287.05 286.15 284.86 283.99 282.34 280.88 280.21 279.53 278.91 278.36 276.4 275.39 273.98 273.35 272.32 271.93 270.62 270.39 270 269.14 268.5 268.21 268.45 267.58 267.54 268.22 267.82 267.55 267.14 266.67 266.76 265.89 263.02 262.77 262.21 262.56 263.39 262.8 262.29 262.16 262.04 262.67 263.75 264.13 267.35 267.81 268.04 267.7 267.96 268.12 268.67 269.91 269.41 270.32 271.92
276.53 278.85 280.87 282.51 283.66 284.98 286.32 287.26 288.15 289.07 289.43 289.43 289.24 289.04 288.49 287.98 287.19 286.01 284.85 283.86 282.78 280.84 280.16 279.68 279.16 278.68 276.67 275.56 274.42 273.53 272.61 271.79 271.18 269.8 269.55 269.04 269.11 269.4 269.15 269.24 268.5 268.41 267.52 267.44 266.57 266.9 267.14 266.33 262.52 262.37 262.14 261.79 261.86 261.92 261.66 261.77 261.61 261.55 261.78 262.58 262.62 263.42 266.37 267.04 267.13 267.59 268.02 268.22 268.45 269.34 270.72 271.36
278.29 280.67 282.38 284.37 285.79 286.98 288.26 289.63 290.42 290.89 290.67 289.79 289.35 288.42 287.89 286.87 286.09 285.02 283.54 282.61 281.36 280.47 279.83 277.82 277.3 276.9 275.7 274.59 273.35 272.8 272.41 271.15 270.1 269.53 268.35 268.32 268.18 268.05 267.93 268.09 267.85 267.45 266.31 265.95 264.84 263.8 263.61 262.63 262.08 261.93 261.63 261.44 261.19 260.93 261.05 261.02 261.04 261.15 261.14 261.24 261.7 262.49 263.46 265.93 267.11 267.3 267.62 268.17 268.38 269.23 269.72 271.12
279.92 282.01 284.07 286.11 288.19 289.73 290.54 291.33 291.95 291.56 290.86 289.76 288.59 287.36 286.48 285.42 284.27 283.21 282.32 281.74 280.2 279.39 278 277.37 276.98 275.49 274.72 273.74 273.09 272.02 271.19 270.45 269.56 268.88 268.21 266.9 266.98 266.77 266.4 266.36 265.83 265.23 265.04 264.57 263.39 262.69 262.36 262.15 261.62 261.21 260.6 260.43 259.9 259.75 259.7 259.89 260.1 260.69 260.97 261.25 261.59 261.88 262.44 263.56 264.65 266.74 267.21 267.82 267.8 268.13 269.13 270.66
281.23 283.24 285.55 287.72 290.04 291.44 292.1 292.12 292.36 291.46 290.19 288.75 287.22 285.78 284.83 283.34 282.28 281.61 280.8 280.06 279.23 278.14 277.21 277 275.14 274.56 273.76 272.87 272.17 270.98 270.06 269.39 268.61 268.14 267.54 266.02 265.35 265.01 264.83 264.76 264.26 263.85 263.07 262.78 262.68 262.37 261.88 261.04 260.48 260.21 259.94 259.4 259.1 258.96 258.92 259.11 259.55 259.95 260.73 260.9 261.5 261.95 261.92 262.82 263.74 264.71 266.52 267.42 266.83 267.36 268.48 270.21
282.05 284.4 286.56 289.12 290.64 291.66 292.05 291.98 291.41 290.19 288.67 287.25 285.43 284.2 283.16 282.09 280.99 280.11 279.75 279.23 278.72 277.08 276.9 274.88 274.23 273.91 272.74 272.15 270.93 269.89 268.96 268.2 267.63 267.14 266.66 266.13 264.37 263.95 263.79 263.38 263.18 263.16 262.68 262.45 262.04 261.52 261.11 260.93 259.94 259.64 259.2 258.86 258.35 258.17 258.01 258.21 258.62 259.93 260.49 260.73 261.17 261.95 262.25 263.1 263.73 264.27 264.89 265.51 266.12 266.8 267.75 269.31
282.84 285.45 287.69 289.07 290.09 290.83 290.8 290.37 289.44 287.93 286.74 285.3 284.15 282.86 281.82 280.69 279.74 279.33 279.13 278.45 276.63 275.94 274.62 273.97 273.36 272.95 271.42 270.72 269.63 269.02 268.14 267.5 266.76 265.99 265.47 264.81 263.72 263.37 263.39 262.82 262.14 262.04 261.95 261.61 261.24 260.85 260.49 260.35 259.85 259.37 258.9 258.44 258.02 257.8 257.51 257.5 257.59 259.84 260.18 260.54 260.97 261.57 262.31 262.54 263.21 263.84 264.4 264.94 265.37 265.58 266.71 267.7
282.92 285.28 286.61 287.93 288.49 288.75 288.24 287.74 286.94 285.73 284.62 283.47 282.39 281.3 280.46 279.2 279.03 278.68 278.09 276.13 275.58 274.24 274.1 272.87 272.22 271.4 270.62 269.88 268.99 268.2 267.31 266.73 265.9 265.12 263.86 263.72 263.16 262.36 261.91 261.38 261.05 260.9 261.01 260.67 260.44 260.42 260.1 260.07 259.07 258.34 257.76 257.39 256.47 256.41 256.39 256.41 256.86 257.27 259.53 260.35 260.71 261.32 262.03 262.62 263.08 263.35 264.1 264.27 264.74 265.41 266.3 267.29
281.97 283.94 285.59 286.17 286.17 285.95 285.36 285.15 284.38 283.26 282.44 281.32 280.48 279.29 278.21 278.36 277.79 277.54 275.82 274.99 273.7 273.01 272.58 271.84 271.07 270.33 269.61 268.97 268.27 267.59 266.71 265.99 264.6 264.06 263.64 262.72 262.01 260.9 260.74 260.17 259.87 259.71 259.68 260.01 259.98 260.01 259 258.8 258.3 257.69 257.06 256.55 255.89 255.93 255.75 255.63 256.24 258.31 258.74 258.98 260.28 261.22 261.93 262.15 262.63 263.25 263.62 264.13 264.51 265.26 265.89 266.83
