src/main/resources/sodermalm_5m.asc
ncols 963
nrows 472
xllcorner 1626373.3886573
yllcorner 6577941.6838047
cellsize 5
NODATA_value -9999
[rows 116 to 144 of 472, columns 192 to 255 of 963]
27.67073 26.76645 26.16291 25.96656 25.36131 24.33333 23.48553 22.82022 22.68003 23.1362 23.39929 23.41169 23.82979 24.73257 25.42024 25.86592 27.14512 29.40856 31.92647 34.62844 36.53562 37.61268 38.47889 38.62612 38.50347 38.58257 38.72467 38.93351 39.11255 39.24332 39.30952 39.26104 39.3343 39.49735 39.72593 40.0172 40.64846 41.40645 41.87547 42.1708 42.36441 42.54109 42.69244 42.88647 43.09617 43.29533 43.47272 43.58753 43.63863 43.63982 43.58909 43.53096 43.49867 43.45132 43.3975 43.34592 43.30252 43.25253 42.71918 41.52757 40.80012 40.69062 40.49876 39.87133
26.96987 24.90164 23.60736 23.4345 23.19382 22.99871 22.80981 22.70224 22.9986 23.85077 24.33852 24.34692 25.04134 26.20807 27.27526 28.25468 29.94683 32.53471 34.74158 36.35225 37.39618 38.32693 38.82245 38.6273 38.61726 38.85084 39.10949 39.39643 39.64584 39.81213 39.85368 39.83204 39.90015 40.04808 40.26669 40.55261 40.94611 41.57914 42.03491 42.31499 42.53194 42.76398 42.93344 43.05795 43.1869 43.30124 43.39697 43.47281 43.50274 43.48605 43.45715 43.46863 43.48954 43.46648 43.4452 43.43644 43.45567 43.54432 43.08794 41.7769 40.85181 40.50975 40.23164 40.06435
25.6723 24.01914 23.01506 22.89639 22.81139 22.77576 23.00843 23.68229 24.26202 24.60472 24.82305 25.57059 26.67072 27.97419 29.28272 30.73614 32.40142 34.3237 36.06635 36.96967 37.69442 38.38579 38.88144 38.83336 38.88434 39.0812 39.3573 39.65897 39.94513 40.18671 40.28568 40.31366 40.38665 40.52339 40.72808 41.01366 41.42663 41.84119 42.21246 42.40688 42.64313 42.92095 43.14421 43.25435 43.31882 43.30519 43.30919 43.34845 43.39791 43.41299 43.42702 43.45599 43.45099 43.4491 43.44491 43.44202 43.46242 43.49057 42.99033 41.61086 40.61758 40.29366 40.03275 39.77939
24.05921 23.41206 22.99031 22.91223 22.83129 22.86476 23.34347 24.82465 25.68925 25.55494 25.76613 26.96239 28.2227 29.56452 31.10243 32.95764 34.63594 35.86461 36.85837 37.43778 37.99484 38.57108 38.96091 38.96025 39.00921 39.25923 39.55797 39.88344 40.22038 40.53829 40.69855 40.74452 40.81222 40.92961 41.09671 41.29485 41.45324 41.80655 42.11924 42.39042 42.63152 42.84872 43.03772 43.20227 43.27372 43.23055 43.21477 43.28749 43.36222 43.42618 43.45559 43.43778 43.39915 43.39903 43.3871 43.36578 43.33946 43.16906 42.59533 41.30088 40.27286 40.05039 39.80441 39.35485
23.46827 23.18474 23.1647 23.67881 24.12697 24.3714 25.03768 26.49936 27.50954 27.65062 27.85517 28.60637 29.65627 30.84687 32.2467 34.43534 36.13483 36.76337 37.32145 37.80176 38.28197 38.77291 39.07668 39.01617 39.07016 39.37349 39.68997 40.02983 40.39765 40.81089 41.10781 41.14318 41.18974 41.24345 41.30105 41.29583 41.39068 41.69595 41.99284 42.28005 42.54147 42.75735 42.96127 43.14437 43.24004 43.17936 43.16534 43.2614 43.33575 43.39758 43.43993 43.41378 43.35403 43.32118 43.28082 43.21657 43.12732 42.90268 42.30535 40.92398 39.68856 39.48862 39.26575 38.88163
23.29395 23.12421 23.34576 24.61605 25.65981 26.10103 26.88576 28.16972 29.28557 29.64773 30.11966 30.3336 30.90144 31.8553 33.37817 35.71533 37.40932 37.57296 37.76454 38.12876 38.52551 38.93682 39.20043 39.08648 39.106 39.44112 39.76852 40.10878 40.47287 40.86891 41.151 41.1976 41.23749 41.26076 41.28893 41.31714 41.38927 41.59319 41.88631 42.17596 42.44742 42.68672 42.90977 43.11324 43.24048 43.19088 43.17892 43.23917 43.28802 43.33138 43.36346 43.37851 43.33297 43.24694 43.17354 42.9918 42.8269 42.67325 42.15329 40.40345 39.01442 38.91541 38.70844 38.36709
23.47505 24.13034 24.90238 25.76471 26.48565 26.95135 27.62869 28.85269 29.83967 30.20418 30.56693 30.98253 31.55764 32.89182 34.59341 36.42812 37.63507 38.09177 38.23234 38.48357 38.7905 39.11862 39.33228 39.17097 39.13336 39.47029 39.79696 40.12681 40.46461 40.79484 41.05746 41.137 41.20652 41.2537 41.2975 41.34105 41.40548 41.54272 41.79029 42.08986 42.37428 42.6344 42.87652 43.10313 43.24561 43.19671 43.1685 43.20123 43.22567 43.24662 43.28033 43.31203 43.24923 42.91365 42.58669 42.41183 42.23909 42.03832 41.52458 40.12531 38.71155 38.47948 38.20649 37.87542
23.72318 25.45433 26.89494 26.99896 27.19149 27.61322 28.2084 29.3349 30.32776 30.57563 30.92932 31.63406 32.46774 34.07446 35.66345 37.1923 38.18528 38.61265 38.70266 38.86027 39.08146 39.33825 39.40524 39.26439 39.18187 39.47717 39.78212 40.09245 40.40353 40.71075 40.97453 41.09602 41.20474 41.25561 41.30157 41.35228 41.40974 41.5036 41.70169 42.02163 42.32166 42.59689 42.85097 43.1004 43.27408 43.18579 43.121 43.11227 43.0869 43.06753 43.07249 43.15291 43.10776 42.30598 41.62334 41.56639 41.43741 41.16719 40.65178 39.66198 38.54474 38.19601 37.83703 37.44089
24.60226 26.02231 27.52302 27.54765 27.69327 27.91716 28.33092 29.01841 29.98773 30.68682 31.33664 32.87582 34.34731 35.49548 36.78249 38.07259 38.90187 39.14075 39.18751 39.24311 39.36858 39.44453 39.39505 39.31376 39.24702 39.47897 39.75557 40.04618 40.34098 40.63322 40.89352 41.05937 41.20672 41.24113 41.29048 41.34714 41.41 41.48065 41.61965 41.97968 42.29322 42.55573 42.79092 43.03226 43.23249 43.11467 43.02848 42.96175 42.89758 42.83343 42.77588 42.7538 42.58439 41.67094 40.89709 40.80823 40.67793 40.40508 39.90398 39.13799 38.51299 38.02273 37.53683 37.16496
25.72018 26.72518 27.86783 27.8858 28.01617 28.18549 28.47082 28.88412 29.60321 30.48121 31.63334 34.04108 36.26004 37.00649 37.8768 38.74277 39.47302 39.508 39.52815 39.492 39.47229 39.45122 39.42354 39.37482 39.32311 39.47432 39.71537 39.99249 40.2781 40.56342 40.83121 41.00118 41.15178 41.2053 41.25019 41.30664 41.37799 41.46166 41.57803 41.9678 42.2887 42.50759 42.68529 42.83754 42.89106 42.86233 42.83306 42.77409 42.6821 42.56954 42.42662 42.18339 41.58421 40.96989 40.43237 40.19993 40.01225 39.74365 39.30014 38.83523 38.4957 37.51456 36.89382 36.57109
26.67583 27.48826 28.06333 28.17035 28.30904 28.44813 28.62226 28.83891 29.23574 30.41788 32.38631 34.77612 36.91975 37.50304 38.02505 38.78853 39.4311 39.47888 39.4782 39.4676 39.46262 39.44896 39.43389 39.42626 39.42673 39.48445 39.64974 39.92896 40.21457 40.50318 40.78021 40.93613 41.08208 41.11986 41.16194 41.2175 41.2904 41.38291 41.53188 41.93479 42.3155 42.41636 42.48351 42.52472 42.55953 42.60278 42.63945 42.56199 42.44608 42.28403 42.04539 41.65265 41.06446 40.58059 40.12206 39.7903 39.08648 38.38548 37.95638 37.48418 36.97934 36.32989 35.69126 35.26015
27.52713 27.96905 28.23354 28.43389 28.60162 28.74912 28.85922 28.91437 28.94818 30.76757 32.85766 35.25315 37.70654 37.86743 38.15448 38.82118 39.45744 39.46186 39.45654 39.4589 39.45224 39.44244 39.43033 39.42599 39.44204 39.50553 39.59665 39.87405 40.15827 40.44195 40.70967 40.8557 40.9796 40.99539 41.02544 41.07793 41.15309 41.25537 41.40833 41.83099 42.21047 42.24793 42.26642 42.27438 42.27814 42.35055 42.41352 42.38646 42.26274 42.06307 41.79201 41.44762 41.12057 40.5246 39.94437 38.94001 37.89698 36.94463 36.17942 35.55619 34.89166 34.32692 33.70104 33.35226
27.82545 28.14341 28.41422 28.68134 28.9022 29.09178 29.24766 29.38316 29.79003 31.16468 33.05205 35.38456 37.54359 37.99015 38.3835 38.89517 39.419 39.46956 39.46893 39.45837 39.4477 39.43583 39.42117 39.39965 39.37725 39.4593 39.56008 39.82379 40.09366 40.37036 40.64146 40.77026 40.8798 40.82637 40.84617 40.89448 40.96706 41.07022 41.26849 41.69549 42.1407 42.11012 42.10659 42.08403 42.03546 41.98395 41.90992 41.81875 41.73241 41.47207 40.97532 40.37267 39.94623 39.25412 38.57784 37.59992 36.57478 35.67572 35.06115 34.56661 34.07219 33.65616 33.27227 32.97969
28.0276 28.33338 28.60391 28.89524 29.18077 29.49242 29.81317 30.13758 30.57926 31.68126 32.91949 35.34912 37.68121 38.05225 38.47502 38.95259 39.44992 39.46995 39.48021 39.46286 39.44456 39.42493 39.41191 39.39412 39.3648 39.42485 39.49955 39.72916 39.95651 40.1958 40.40276 40.52785 40.60975 40.61169 40.61173 40.65417 40.72727 40.86071 41.11533 41.41183 41.69989 41.90041 41.96351 41.97424 41.94927 41.32203 40.63891 40.44426 40.30246 39.88586 39.17926 38.27264 37.3378 36.7492 36.16668 35.75861 35.09607 34.54027 34.29382 33.98655 33.68958 33.45262 33.23007 33.0017
28.2073 28.57951 28.883 29.22136 29.56898 29.90436 30.19787 30.49141 30.90757 32.01841 33.33115 35.40542 37.45493 38.03877 38.48572 38.95076 39.38503 39.45212 39.48375 39.45061 39.3991 39.368 39.36075 39.37664 39.40162 39.40395 39.41397 39.55703 39.73866 39.93377 40.10596 40.23149 40.308 40.33752 40.32008 40.3442 40.4264 40.60074 40.9613 41.00156 41.19804 41.37586 41.58274 41.35434 41.4048 40.22885 39.14841 38.92523 38.79113 38.37012 37.66465 36.75266 35.79471 35.39803 35.00224 34.73659 34.495 34.2896 34.10121 33.90348 33.69855 33.49997 33.30226 33.09086
28.46704 28.84168 29.17984 29.56822 29.99345 30.23112 30.50474 30.79658 31.0724 32.33677 33.58887 35.54243 37.43445 37.97794 38.43895 38.86976 39.2918 39.42912 39.47714 39.3774 39.29202 39.25126 39.25174 39.2938 39.3587 39.3255 39.287 39.34739 39.48191 39.652 39.81304 39.94712 40.03156 40.01939 39.7159 39.40676 39.32072 39.45384 39.49718 39.54346 39.65381 39.7471 39.54401 39.02359 38.36651 37.7907 37.2044 37.09365 37.06394 36.89529 36.4159 35.81374 35.49862 35.21532 34.93595 34.74236 34.56425 34.39021 34.21674 34.03403 33.83775 33.62706 33.41228 33.19383
28.75575 28.93303 29.12174 29.59937 30.13209 30.45963 30.77448 31.10413 31.49482 32.92171 34.51472 35.98616 37.36619 37.90712 38.26349 38.60759 38.93557 39.22654 39.44053 39.222 39.10223 39.05389 39.06621 39.12458 39.23331 39.19856 39.13995 39.13217 39.18366 39.34786 39.52939 39.65532 39.78624 39.24839 38.66872 38.29865 38.13173 38.01181 37.97562 37.99456 38.08249 38.10878 37.82663 37.17746 35.96882 35.88079 35.7167 35.82124 35.90339 35.84449 35.71251 35.50436 35.33499 35.17276 34.98311 34.83678 34.706 34.54208 34.36327 34.17445 33.9769 33.75521 33.52351 33.26504
29.00875 28.97228 28.91943 29.52851 30.22613 30.61689 30.99168 31.38227 31.78683 33.48428 35.40871 36.41745 37.37232 37.721 37.99819 38.26595 38.5416 38.83085 39.18823 38.94398 38.7821 38.74667 38.78657 38.88317 39.0569 39.05486 39.02495 38.97958 38.70482 38.59412 38.70012 38.52712 38.25386 37.7784 37.33524 36.91888 36.52948 36.43475 36.40101 36.42568 36.50511 36.57272 36.38163 35.95647 35.67549 35.72905 35.78514 35.84682 35.90025 35.78617 35.59206 35.43913 35.32813 35.2264 35.12461 35.00372 34.89119 34.72663 34.52727 34.32498 34.12897 33.88439 33.6292 33.04494
29.24041 29.11742 29.01274 29.54532 30.22569 30.70996 31.16097 31.62184 32.13077 33.76652 35.58764 36.49176 37.14474 37.43024 37.59262 37.78234 38.01055 38.29398 38.61661 38.50162 38.32461 38.34289 38.44907 38.61338 38.83151 38.893 38.92867 38.33936 37.75096 37.51342 37.67972 37.12979 36.39946 36.25291 36.00856 35.57099 34.88522 34.90482 34.82251 34.98753 35.02362 35.20725 35.29081 35.38318 35.46319 35.60969 35.77127 35.81535 35.83375 35.67627 35.47792 35.37188 35.31732 35.27905 35.23802 35.16529 35.08652 34.9175 34.66374 34.44434 34.23104 33.86571 32.9748 31.9612
29.46166 29.30269 29.10745 29.59644 30.221 30.76757 31.26373 31.77556 32.36093 33.97621 35.8606 36.52911 36.92363 36.95279 37.04722 37.19098 37.37313 37.5981 37.89188 37.83429 37.75313 37.92089 38.11498 38.21444 38.13891 37.96761 37.76738 37.0483 36.32892 36.03994 36.07018 35.6826 35.22872 35.08199 34.90998 34.63465 34.51274 34.6398 34.77698 34.91594 35.05464 35.18311 35.25793 35.31212 35.37249 35.45675 35.55493 35.61754 35.61174 35.50908 35.34214 35.28167 35.28354 35.31263 35.34217 35.32083 35.30496 35.0061 34.63661 34.38446 34.26411 33.31004 32.03938 30.7583
29.58298 29.43601 29.28328 29.69502 30.28062 30.78534 31.24317 31.83504 32.66925 34.0387 35.72805 36.30628 36.23824 36.29325 36.39128 36.52197 36.65652 36.79229 36.82991 36.97624 37.2099 37.49777 37.74881 37.51391 36.64594 36.37631 36.06208 35.38717 34.46989 34.21314 34.20257 34.20417 34.18322 34.24444 34.29077 34.29738 34.40343 34.58765 34.79085 34.9472 35.08848 35.17273 35.21696 35.24667 35.28123 35.32986 35.38639 35.43468 35.41929 35.29539 35.13567 35.12973 35.16832 35.23978 35.3144 35.14352 34.87051 34.61013 34.26704 33.96819 33.37053 32.26418 30.97483 29.74132
29.6524 29.54355 29.42196 29.80846 30.3555 30.72714 31.13646 31.80418 32.63411 33.79769 35.49541 35.66129 35.4651 35.49448 35.62301 35.76312 35.84826 35.85916 35.7089 35.76005 36.05407 36.26551 36.44329 35.89413 35.13066 34.94238 34.67025 34.14992 33.50013 33.5524 33.65664 33.79842 33.90659 33.99028 34.10507 34.26646 34.45778 34.63993 34.80238 34.95979 35.09732 35.1668 35.18536 35.18897 35.19111 35.20817 35.2434 35.27084 35.24777 35.07975 34.8502 34.83158 34.89425 35.00142 35.17653 34.72596 34.01565 33.69145 33.49221 33.07177 32.35037 31.312 29.85697 29.32029
29.60033 29.56337 29.54558 29.88881 30.36821 30.62431 30.95176 31.56312 32.30345 33.1838 34.08582 34.45056 34.47712 34.63174 34.84376 34.97942 35.01727 34.86064 34.14697 33.91105 33.92415 33.95863 33.99804 33.8208 33.5881 33.61411 33.57855 33.34588 33.34863 33.47963 33.64065 33.74429 33.80833 33.8959 34.05349 34.25586 34.46115 34.66429 34.82983 34.96704 35.10999 35.17547 35.16902 35.13968 35.10302 35.06842 35.05619 34.97898 34.98986 34.81992 34.57322 34.47152 34.5146 34.61287 34.7369 34.24837 33.60647 33.33501 33.22685 32.71246 32.04629 31.15558 30.07507 29.85145
29.44886 29.54215 29.63868 29.96104 30.3802 30.5819 30.69724 31.2086 31.85731 32.42596 32.58618 32.90011 33.27503 33.64537 34.00755 34.11292 34.10599 33.60307 32.88328 32.62052 32.56279 32.58796 32.65144 32.74158 32.82547 32.905 33.01308 33.12661 33.23708 33.37178 33.53526 33.63367 33.69405 33.79839 33.99445 34.23215 34.4567 34.67463 34.84183 34.95951 35.11857 35.20875 35.18362 35.10323 34.99164 34.83599 34.46525 34.39029 34.53302 34.46943 34.29992 34.10677 34.01796 34.00531 33.89594 33.68384 33.465 33.34986 33.28159 32.89859 32.2702 31.53128 30.77682 30.42893
29.18608 29.48303 29.72427 29.99837 30.27733 30.51337 30.73751 30.98642 31.38082 31.73397 31.98708 32.14578 32.3298 32.52593 32.7256 32.80725 32.82976 32.65751 32.40415 32.37125 32.45501 32.56139 32.67973 32.72099 32.67182 32.70567 32.80585 32.94016 33.09096 33.24749 33.39624 33.50474 33.57299 33.67685 33.9038 34.20006 34.46463 34.69839 34.83818 34.90219 35.0871 35.13091 35.13998 34.96071 34.68804 34.32488 33.91253 33.89558 34.09124 34.11341 34.04243 33.89404 33.69642 33.55202 33.4412 33.37502 33.33378 33.27725 33.21146 33.20488 32.83131 32.22989 31.51091 30.85239
28.98814 29.40195 29.79752 30.02838 30.16035 30.41944 30.76778 31.02176 31.24137 31.42398 31.50806 31.54271 31.51285 31.58161 31.65251 31.70862 31.74705 31.81532 31.89469 32.01128 32.1713 32.30998 32.43377 32.42858 32.39304 32.45286 32.58118 32.74769 32.93072 33.11242 33.26989 33.37848 33.44816 33.52168 33.74664 34.14532 34.54295 34.78113 34.7716 34.68772 34.55781 34.35077 34.19972 34.10478 33.97423 33.82896 33.68334 33.65976 33.70273 33.74927 33.81042 33.73098 33.55084 33.43139 33.35546 33.28814 33.22446 33.15356 33.0778 33.25492 33.5079 33.04463 32.20102 31.15622
28.89862 29.2994 29.6489 29.87913 30.03457 30.27396 30.56475 30.80385 31.00984 31.15308 31.25246 31.30553 31.32803 31.39009 31.34885 31.30212 31.29524 31.3244 31.3857 31.48201 31.60089 31.73142 31.85112 31.94671 32.01848 32.14598 32.32822 32.54406 32.77164 32.98533 33.15788 33.25288 33.31852 33.39002 33.46463 33.96672 34.79855 34.89405 34.4399 34.09987 33.90541 33.70517 33.44564 33.36064 33.37573 33.42063 33.48466 33.4831 33.42644 33.48719 33.6159 33.59558 33.45059 33.34513 33.40087 33.58219 33.64265 33.59647 33.62825 33.80719 34.11478 33.85088 33.05913 31.5986
28.85063 29.19731 29.44014 29.67351 29.90308 30.12873 30.34031 30.5514 30.7542 30.90009 31.00036 31.07451 31.13552 31.06323 30.94214 30.85821 30.82848 30.8369 30.87828 30.95551 31.04784 31.15677 31.26414 31.40757 31.57454 31.78415 32.04548 32.33757 32.6326 32.89726 33.0639 33.13732 33.22919 33.29995 33.37302 33.64075 34.05349 34.04996 33.71232 33.48478 33.41455 33.29928 33.21181 33.22387 33.26957 33.33015 33.41963 33.42574 33.37212 33.40836 33.46143 33.45213 33.38599 33.38006 33.64103 33.97037 34.32751 34.44018 34.52481 34.6812 34.93818 34.68074 33.95455 32.539
28.78672 29.09058 29.33169 29.59279 29.87251 30.11321 30.31645 30.46309 30.55092 30.6153 30.66129 30.7118 30.70345 30.61283 30.49666 30.39575 30.34178 30.33829 30.37327 30.44121 30.50527 30.58915 30.66363 30.80362 31.02443 31.33786 31.73472 32.15184 32.5621 32.87085 32.88904 32.96343 33.09954 33.20956 33.27512 33.30457 33.24834 33.14481 32.99467 32.99672 33.05899 33.04654 33.05132 33.09059 33.14114 33.20204 33.28419 33.3227 33.26472 33.28149 33.32655 33.3332 33.309 33.46005 33.76212 34.11449 34.47045 34.5717 34.49968 34.50327 34.61096 34.6179 34.27765 32.9899
