src/main/resources/sodermalm_5m.asc
ncols 963
nrows 472
xllcorner 1626373.3886573
yllcorner 6577941.6838047
cellsize 5
NODATA_value -9999
[rows 232 to 260 of 472, columns 192 to 255 of 963]
23.0076 24.553 25.91611 27.11907 27.95297 28.49767 28.85389 29.07953 29.56978 30.24783 30.84408 31.37078 31.2416 30.61061 30.34991 30.35099 30.34804 30.35896 30.58766 31.00934 30.86235 30.28603 29.86683 29.60689 29.4599 29.2924 29.21619 29.2457 29.40033 29.65226 29.72489 29.59312 29.13688 28.37587 28.24673 28.69209 28.56246 27.99487 27.46417 26.89174 26.36452 25.90029 25.57211 25.35634 25.21419 25.21223 25.22467 25.25204 25.1653 24.97338 24.68468 24.30424 23.96709 23.67246 23.3934 23.13545 22.953 22.83513 22.49808 21.95844 21.6345 21.51233 21.39915 21.29795
23.62075 25.27087 26.59157 27.59585 28.35608 28.89411 29.46848 30.09412 30.643 31.11054 31.5001 31.82221 31.9066 31.79355 31.57709 31.25768 31.10615 31.11259 31.36859 31.85583 31.84183 31.31558 30.90031 30.58871 30.24086 29.89962 29.81824 29.97836 30.13461 30.27892 30.2785 30.14075 29.77999 29.21515 29.02886 29.19023 29.09315 28.58821 28.03548 27.64241 27.30652 26.80268 26.45698 26.21766 25.99868 25.82681 25.82102 25.85899 25.7681 25.53861 25.18564 24.69791 24.27315 23.91868 23.64097 23.45282 23.26847 23.0808 22.75018 22.2704 21.94112 21.77158 21.64457 21.55906
25.57387 26.85937 27.88145 28.6517 29.18403 29.46334 29.886 30.47371 30.98846 31.43348 31.78575 32.03418 32.15252 32.13679 32.08624 32.00718 31.95345 31.9094 31.99178 32.20242 32.31375 32.12509 31.78467 31.36665 30.95679 30.5773 30.46216 30.60981 30.67888 30.65115 30.54951 30.37187 30.16063 29.92842 29.74816 29.59589 29.37722 29.10479 28.88687 28.86163 28.54441 27.93917 27.36372 27.09503 26.8254 26.55224 26.38307 26.36588 26.239 25.98682 25.59921 25.04049 24.56386 24.18797 23.89951 23.71287 23.51455 23.30824 23.01594 22.61852 22.31535 22.12391 21.96669 21.85675
28.38122 28.9462 29.46006 29.94573 30.17892 30.12833 30.29694 30.79079 31.25221 31.74882 32.09883 32.3234 32.48352 32.59318 32.72165 32.96435 33.04438 32.949 32.89476 32.92109 32.80849 32.80853 32.57428 32.09214 31.66343 31.29716 31.14957 31.19036 31.14662 31.00316 30.85115 30.69523 30.54696 30.40526 30.28028 30.18558 30.20233 30.38052 30.47287 30.39221 30.03587 29.31838 28.46787 28.0252 27.65745 27.27467 26.85769 26.56547 26.30991 26.12962 25.8047 25.2734 24.82228 24.48379 24.17984 23.91842 23.69002 23.51611 23.28854 22.98586 22.72583 22.51935 22.32491 22.16688
30.37902 30.79964 31.23833 31.68747 31.99791 32.12703 32.31842 32.55879 32.83084 33.16111 33.45065 33.78675 34.05407 34.20987 34.48451 35.01772 35.20346 34.8547 34.63708 34.44823 34.19192 33.91924 33.52692 32.84264 32.36211 32.08055 31.88971 31.73601 31.55344 31.34017 31.16657 31.06046 30.94189 30.79831 30.73934 30.80081 31.11116 31.74144 32.14886 32.0248 31.63345 30.53238 29.65478 28.98245 28.4077 27.86686 27.36407 26.86539 26.47428 26.27473 25.94584 25.43765 24.99478 24.65237 24.32987 24.04664 23.81047 23.64641 23.46149 23.24658 23.04694 22.86676 22.67158 22.48557
31.84995 32.4997 33.0982 33.58662 34.06428 34.45679 34.7273 34.61511 34.63123 34.7441 35.03815 35.51073 35.82994 35.98379 36.28995 37.0432 37.31794 36.76414 36.29825 35.99664 35.66637 35.32833 34.86857 34.14341 33.65433 33.56958 33.38121 32.97813 32.50893 31.93491 31.49685 31.34835 31.18585 31.00569 30.91515 30.984 31.20996 31.70177 31.99293 31.96125 31.6238 30.74492 29.98312 29.4169 28.86187 28.29331 27.80994 27.41302 26.96173 26.4533 25.94536 25.47208 25.03074 24.64344 24.3094 24.0835 23.88018 23.71363 23.56056 23.43789 23.31607 23.1882 23.02503 22.79079
32.7169 33.26897 33.7599 34.15827 34.59446 35.11305 35.48849 35.6062 35.78616 36.05455 36.60203 37.31933 37.74904 37.89237 38.1478 38.78217 39.02848 38.55772 38.05957 37.59513 37.24049 37.02802 36.74118 36.08373 35.68803 35.81015 35.63859 34.84406 33.91457 32.73227 31.84201 31.60454 31.36793 31.14958 31.00781 31.05666 31.15111 31.39419 31.56116 31.652 31.48582 30.79934 30.22891 29.74424 29.21615 28.58579 28.10398 27.75987 27.36151 26.61003 25.9465 25.46331 25.01265 24.65091 24.35513 24.18955 24.03093 23.88217 23.75497 23.67234 23.58634 23.49419 23.38895 23.25777
33.23176 33.56214 33.88174 34.20721 34.61932 35.26165 35.84212 36.30654 36.8075 37.27593 37.9584 38.94722 39.66152 39.60278 39.83226 40.26452 40.52523 40.13563 39.74093 39.15629 38.73025 38.627 38.36685 37.73682 37.31952 37.37421 37.08639 36.04933 34.93542 33.65885 32.65614 32.23319 31.8562 31.61018 31.4525 31.47495 31.44142 31.41682 31.49902 31.44794 31.20424 30.70163 30.24421 29.78187 29.28086 28.71714 28.23471 27.87292 27.42103 26.66719 25.96179 25.38008 24.89631 24.67199 24.48574 24.37218 24.25794 24.13415 24.02208 23.93704 23.85712 23.79226 23.74755 23.75435
33.80571 34.04004 34.3076 34.66571 35.08574 35.63517 36.15851 36.63514 37.23265 38.14792 38.95587 39.4052 39.74141 39.91486 40.17516 40.62572 40.95204 40.98618 40.85773 40.28477 39.84795 39.77355 39.55607 38.9552 38.44849 38.18213 37.69344 36.65331 35.62256 34.63716 33.74717 33.06455 32.47429 32.20953 32.00879 32.05396 31.96701 31.78067 31.51399 31.32139 31.03487 30.72335 30.32123 29.85254 29.31101 28.77533 28.27653 27.92877 27.46098 26.64398 25.87523 25.26813 24.78854 24.67313 24.56904 24.48939 24.41002 24.33067 24.25615 24.18495 24.12035 24.0706 24.0368 24.04435
34.4155 34.61554 34.86562 35.30155 35.70408 36.1209 36.47608 36.90171 37.52522 38.85387 39.92341 39.74417 39.73879 40.0665 40.43369 40.82677 41.2373 41.51991 41.65487 41.06344 40.62578 40.49657 40.26168 39.68206 39.14006 38.69399 38.12323 37.15858 36.25321 35.52067 34.84173 34.28978 33.85902 33.73099 33.3712 32.94676 32.64444 32.37071 31.97998 31.70745 31.36682 30.92019 30.48098 30.00992 29.4957 28.97199 28.46425 27.99753 27.40426 26.43036 25.55834 25.08452 24.72109 24.65359 24.59584 24.53628 24.48795 24.47785 24.46403 24.42056 24.37892 24.33833 24.3009 24.25953
36.03474 36.09836 36.29749 37.01785 37.58897 37.57254 37.52809 37.53385 37.7608 38.7166 39.46893 39.61921 39.80077 40.08356 40.36437 40.63178 40.89115 41.15089 41.26487 40.93428 40.62243 40.37613 40.08158 39.64782 39.22701 38.83809 38.36259 37.56715 36.83536 36.33678 35.90664 35.68861 35.54729 35.58451 35.43423 34.22658 33.43852 32.98199 32.49775 32.19683 31.82718 31.27603 30.72946 30.21484 29.67709 29.17573 28.67127 28.15159 27.49976 26.29919 25.23392 24.9218 24.67275 24.64189 24.61058 24.57137 24.54346 24.55556 24.55721 24.51739 24.47796 24.44651 24.41184 24.35984
38.31708 38.08564 38.08474 39.14371 39.96421 39.33234 38.76582 38.29998 37.96191 38.51298 38.93284 39.44067 39.86295 40.09501 40.30484 40.45026 40.59049 40.8227 40.95459 40.8145 40.63714 40.35122 40.02296 39.65902 39.29724 38.96587 38.57951 37.94971 37.35225 36.8685 36.45839 36.35824 36.293 36.29623 36.10202 35.17242 34.3177 33.81802 33.3309 32.804 32.27488 31.8033 31.28371 30.53814 29.83031 29.3774 28.95 28.54918 27.92771 26.37274 25.01677 24.80779 24.68852 24.64644 24.61103 24.59337 24.58026 24.57802 24.56864 24.5259 24.48698 24.47517 24.46013 24.41437
39.23277 39.08049 39.10217 39.83149 40.35957 40.09397 39.78188 39.31724 38.95558 38.99509 39.11378 39.5409 39.93494 40.13085 40.29703 40.40692 40.53305 40.7633 40.84921 40.78548 40.63448 40.45205 40.17846 39.75552 39.35196 39.07502 38.77301 38.3079 37.82412 37.22101 36.69323 36.6563 36.62438 36.56009 36.40799 35.77243 35.18206 34.69695 34.22066 33.43105 32.7084 32.29064 31.85816 30.85194 29.95735 29.55585 29.16563 28.82325 28.3183 26.45 24.81729 24.74216 24.69433 24.65702 24.62411 24.60661 24.58937 24.57961 24.56686 24.53621 24.50823 24.49168 24.47142 24.43492
39.31543 39.50335 39.71315 39.94632 40.15999 40.4799 40.7582 40.36651 40.02103 39.63741 39.31248 39.73475 40.05384 40.24231 40.33097 40.43551 40.50867 40.74556 40.82566 40.75694 40.60505 40.42691 40.24293 39.84156 39.47957 39.29751 39.10661 38.78149 38.42285 37.89341 37.43876 37.37386 37.29241 37.00436 36.66483 36.24578 35.80768 35.24883 34.64344 33.8997 33.16153 32.48346 31.77368 30.97337 30.21743 29.66059 29.13335 28.70323 28.08449 26.46328 24.99499 24.78881 24.69732 24.67476 24.65533 24.61269 24.57157 24.56263 24.55555 24.5464 24.53584 24.50367 24.46978 24.44214
39.57814 39.81056 40.00094 40.05265 40.18099 40.78474 41.29733 41.068 40.75166 40.31518 39.98946 40.28576 40.61166 40.69468 40.71246 40.74666 40.80415 40.82558 40.86834 40.7874 40.62326 40.39177 40.11536 39.89739 39.71094 39.65157 39.58527 39.36153 39.11758 38.7709 38.45229 38.31608 38.14195 37.54316 36.93105 36.67925 36.4046 35.71812 35.03469 34.33585 33.62209 32.70743 31.71034 31.10072 30.42607 29.76849 29.12221 28.51015 27.81459 26.33171 24.97879 24.80084 24.6916 24.67867 24.66701 24.62286 24.58184 24.56794 24.55784 24.56701 24.57224 24.53017 24.48554 24.46088
39.9878 40.0719 40.13632 40.15014 40.221 41.04882 41.86317 41.63853 41.45575 40.95601 40.57015 40.84438 41.18521 41.07029 41.04213 41.06935 41.15042 41.12473 41.06825 40.93173 40.75586 40.49812 40.18172 40.09627 40.02917 40.03134 40.01586 39.83387 39.63029 39.37321 39.1274 38.98366 38.80458 38.29001 37.75914 37.27222 36.74403 36.06036 35.37448 34.7903 34.1863 33.32123 32.41589 31.43814 30.48179 29.87237 29.24786 28.14264 26.9521 25.85123 24.89562 24.73606 24.68052 24.66389 24.65076 24.63459 24.61892 24.59329 24.57006 24.59416 24.61752 24.56391 24.5065 24.48376
40.6003 40.58305 40.52927 40.42236 40.39713 41.05293 41.68068 41.62509 41.46427 41.15165 40.89028 41.04405 41.23671 41.29657 41.31233 41.39363 41.5722 41.65431 41.67911 41.38726 41.11643 40.86724 40.60815 40.53375 40.48566 40.45137 40.40184 40.21317 40.00793 39.78943 39.58204 39.49835 39.41774 39.09506 38.76371 37.93419 37.06941 36.38516 35.68282 35.24829 34.81352 33.96628 33.14846 31.89135 30.57988 30.05157 29.42646 27.85986 26.26485 25.47936 24.76944 24.69517 24.67102 24.65247 24.63461 24.62388 24.61152 24.58567 24.56338 24.58308 24.6008 24.55496 24.50494 24.49031
41.35062 41.23509 41.05859 40.78082 40.51753 40.99479 41.47294 41.46115 41.40809 41.26907 41.09145 41.22335 41.29715 41.39625 41.50488 41.72841 41.98977 42.12523 42.17972 41.83086 41.46251 41.14874 40.92892 40.86399 40.81816 40.75965 40.68915 40.47979 40.25121 40.01896 39.79536 39.68707 39.58759 39.43726 39.22861 38.45114 37.60584 36.94387 36.32501 35.78518 35.22839 34.468 33.65921 32.72044 31.75797 30.58985 29.3145 27.76761 26.25168 25.45254 24.82883 24.7088 24.67303 24.64604 24.61988 24.59046 24.56054 24.54796 24.54005 24.54821 24.55564 24.52313 24.48805 24.48935
41.39193 41.44907 41.43459 41.21083 41.00196 41.21763 41.46108 41.43144 41.38029 41.60857 41.8643 41.63955 41.33862 41.41946 41.59092 41.89923 42.22318 42.23882 42.05111 41.76104 41.43155 41.21677 41.10464 41.03249 40.98035 40.93102 40.87057 40.64435 40.3903 40.12217 39.85524 39.7054 39.57422 39.57537 39.60098 38.8923 38.14898 37.52586 36.9876 36.30479 35.68826 34.91108 34.18473 33.45889 32.85744 31.13673 29.37164 27.73826 26.0885 25.37568 24.80151 24.70134 24.66604 24.63665 24.60794 24.57127 24.53532 24.53121 24.53218 24.52397 24.51199 24.49194 24.47312 24.47793
41.01004 41.39176 41.74553 41.64687 41.5301 41.5257 41.56584 41.42486 41.3008 41.91294 42.73893 42.02773 41.31342 41.40242 41.62046 41.98005 42.37335 42.21597 41.94494 41.6843 41.43843 41.36397 41.25666 41.16039 41.08702 41.03707 40.98557 40.75984 40.5016 40.18967 39.8695 39.63652 39.42925 39.41988 39.41145 38.87908 38.24364 37.61905 36.9956 36.41034 35.82911 35.0975 34.33281 33.60704 32.83878 31.43989 29.88051 27.90982 25.90164 25.15576 24.73193 24.64911 24.64239 24.62197 24.59823 24.5669 24.53541 24.53333 24.53635 24.50765 24.4718 24.46072 24.45523 24.46282
40.42065 40.74334 41.02518 41.11943 41.18954 41.21068 41.21684 41.13299 41.07606 41.62269 42.22615 41.7802 41.37722 41.27856 41.3779 41.67073 41.86898 41.95569 41.83978 41.6717 41.66594 41.51985 41.3494 41.22178 41.11484 41.06432 41.02747 40.8279 40.59146 40.23413 39.8497 39.52508 39.21006 39.14768 39.12886 38.7055 38.2313 37.58291 36.92065 36.45542 35.97777 35.2988 34.50758 33.74372 32.90018 31.65666 30.38835 28.1418 25.87491 25.07952 24.74403 24.70256 24.71098 24.67516 24.62511 24.58113 24.53872 24.54306 24.55787 24.51276 24.45298 24.44276 24.44624 24.45767
39.74001 39.78442 39.84568 40.15903 40.53265 40.66999 40.77426 40.74926 40.72902 41.19703 41.79674 41.54108 41.28257 41.14322 41.1283 41.2535 41.39525 41.52347 41.63757 41.72962 41.76261 41.57432 41.35239 41.19039 41.05412 41.0134 40.99489 40.74093 40.41901 40.06824 39.71848 39.36718 39.02159 38.85674 38.72558 38.3988 38.01382 37.42959 36.97366 36.67849 36.38238 35.87679 35.33565 34.1578 32.76406 31.64056 30.57998 28.6706 26.96494 25.80622 25.06317 24.97059 24.94133 24.83541 24.70416 24.61851 24.54641 24.55854 24.59422 24.53285 24.44406 24.43183 24.43978 24.45656
39.20587 39.16302 39.16892 39.46415 39.82576 40.00071 40.12059 40.16811 40.21021 40.51883 40.895 41.10351 41.047 40.89329 40.69852 40.7752 40.93234 41.13667 41.45323 41.52616 41.4368 41.34226 41.21841 41.03976 40.88459 40.86663 40.88207 40.51963 40.04101 39.74604 39.51067 39.18165 38.82663 38.56502 38.3194 38.05081 37.77015 37.27605 36.88742 36.68211 36.68181 36.38682 36.1459 34.54522 32.66515 31.61009 30.78329 29.24684 27.72523 26.46507 25.47054 25.20017 25.16783 24.98178 24.74141 24.62992 24.56345 24.56479 24.58335 24.53 24.45744 24.45523 24.47662 24.4755
38.73936 38.72668 38.71506 38.89704 39.13103 39.28871 39.42604 39.54224 39.63277 39.82612 39.9883 40.31499 40.64105 40.49476 40.23818 40.32782 40.46992 40.78069 41.16845 41.17085 41.06464 40.97482 40.92091 40.77938 40.59067 40.56594 40.47306 40.08289 39.54612 39.28613 39.13029 38.85841 38.55131 38.33221 38.14812 37.8673 37.5403 37.05238 36.63911 36.42231 36.33856 36.06128 35.68904 34.40876 32.80972 31.65905 30.66393 29.52125 28.18695 26.90554 25.67612 25.34302 25.36921 25.10672 24.7282 24.60715 24.58738 24.56607 24.54078 24.50864 24.47719 24.49541 24.5323 24.50466
37.9826 38.00708 38.00983 38.15414 38.35151 38.59713 38.86936 39.11419 39.35067 39.44748 39.48182 39.64634 39.85491 40.01215 40.1714 40.1307 39.99158 40.12047 40.35326 40.56736 40.6137 40.58239 40.57682 40.39583 40.133 39.97622 39.73319 39.37515 38.93608 38.72861 38.64698 38.45634 38.22757 38.11023 38.05265 37.73413 37.32976 36.78881 36.22735 36.00901 35.91547 35.61451 35.24057 34.20055 32.90315 31.74122 30.62532 29.52352 28.39625 27.16218 25.95141 25.49264 25.52235 25.21544 24.7506 24.60526 24.59379 24.56442 24.52908 24.51264 24.50479 24.51607 24.53357 24.51957
37.03624 37.12389 37.16922 37.33146 37.54008 37.89818 38.3375 38.70105 39.10115 39.11831 39.00578 39.03164 39.11698 39.50657 40.01681 39.87296 39.50969 39.47724 39.58115 39.78972 40.03833 40.10244 40.08261 39.84254 39.50682 39.28978 39.03438 38.73229 38.41628 38.33981 38.27511 37.99307 37.59819 37.5116 37.58079 37.3006 36.85114 36.36689 35.87374 35.5798 35.37292 35.11114 34.8257 33.9977 32.91195 31.89567 30.9162 29.86148 28.76692 27.62497 26.68219 26.0296 25.61939 25.28786 24.81814 24.63227 24.5859 24.55728 24.53935 24.53457 24.53659 24.52889 24.51423 24.52523
36.14803 36.27079 36.38473 36.54908 36.7343 37.00521 37.30836 37.65724 38.03919 38.27485 38.32926 38.47348 38.7763 39.02445 39.21862 39.15033 38.96837 38.92488 38.94322 39.12181 39.38462 39.40253 39.28911 39.00866 38.64301 38.49511 38.36686 38.18561 38.13534 38.07547 37.97903 37.51412 36.84093 36.75254 36.98388 36.76534 36.31274 35.88818 35.49774 35.15298 34.83585 34.60423 34.41301 33.7665 32.88737 31.99768 31.11579 30.10943 29.07099 28.11392 27.27186 26.55054 25.94951 25.39284 24.86866 24.63927 24.58471 24.55561 24.54015 24.53533 24.53674 24.53144 24.52371 24.5378
35.30983 35.43173 35.62278 35.78589 35.9316 36.06111 36.17322 36.51023 36.92101 37.24847 37.4984 37.89524 38.41048 38.55666 38.4536 38.43505 38.45841 38.43595 38.35703 38.50566 38.78181 38.787 38.6318 38.32549 37.92451 37.82103 37.90891 37.78395 37.49654 37.31243 37.20837 36.86688 36.40376 36.25944 36.27846 36.02488 35.6169 35.26386 34.94738 34.67515 34.43384 34.19149 33.94124 33.41785 32.73288 31.87576 30.89709 29.98813 29.13779 28.42748 27.71222 26.98691 26.25089 25.55373 24.90244 24.61962 24.58747 24.56011 24.5347 24.52229 24.51871 24.52658 24.54379 24.55461
34.85096 34.81582 34.82209 34.88699 34.99809 35.13632 35.29865 35.54487 35.90244 36.2299 36.58108 36.97628 37.37648 37.72854 37.89887 37.97347 38.18604 38.15642 37.952 38.03225 38.30823 38.34435 38.21964 37.88919 37.41344 37.39499 37.70478 37.37262 36.56161 36.18787 36.13864 36.09691 36.0826 35.8968 35.56104 35.21306 34.87748 34.59317 34.3577 34.16441 34.01598 33.76566 33.46105 33.03947 32.54586 31.73912 30.69962 29.84815 29.13308 28.46384 27.83502 27.14052 26.40784 25.76164 25.19443 24.91068 24.82069 24.70727 24.57197 24.50115 24.48741 24.49057 24.5069 24.51571
