src/main/resources/sodermalm_5m.asc
ncols 963
nrows 472
xllcorner 1626373.3886573
yllcorner 6577941.6838047
cellsize 5
NODATA_value -9999
[rows 290 to 318 of 472, columns 448 to 511 of 963]
31.79017 31.76958 31.69604 31.54488 31.39872 31.26186 31.13367 31.01928 30.92223 30.90144 30.90483 30.96034 31.039 31.03986 31.0012 30.95337 30.9887 31.15549 30.85053 30.03824 29.27635 28.53471 28.00156 27.84516 27.71113 27.59451 27.04656 25.79237 24.93891 24.60191 24.19564 23.69828 23.42469 23.63649 23.76141 23.75468 23.75599 23.76681 23.77616 23.78592 23.77211 23.72037 23.6913 23.69975 23.70011 23.6827 23.66183 23.64 23.62748 23.62818 23.63739 23.66166 23.71283 23.80466 23.88121 23.9367 23.93237 23.82675 23.75616 23.74457 23.72814 23.70316 23.72674 23.84841
31.75911 31.76854 31.73816 31.60958 31.47606 31.34717 31.22929 31.12755 31.05457 31.04702 31.06308 31.09213 31.09061 31.04448 30.9974 30.95124 30.96154 31.07059 30.86777 30.10391 29.34381 28.58952 28.05091 27.91494 27.77529 27.625 27.0547 25.70573 24.89608 24.879 24.57909 24.00344 23.5805 23.65184 23.70012 23.71834 23.72289 23.69632 23.67658 23.67388 23.66306 23.63874 23.63352 23.66447 23.66907 23.61767 23.5851 23.60236 23.61687 23.62991 23.65545 23.70447 23.74726 23.75717 23.77247 23.79888 23.7966 23.7545 23.75529 23.91019 24.08512 24.38771 24.69945 25.00937
31.73913 31.7529 31.73697 31.64937 31.53397 31.41055 31.28781 31.16599 31.07693 31.08498 31.11005 31.151 31.15826 31.08471 31.01816 30.97056 30.94851 30.98679 30.78129 30.07433 29.34407 28.61435 28.09012 27.97323 27.83948 27.65117 27.07225 25.62828 24.69801 24.92301 24.86778 24.20507 23.74021 23.69218 23.66232 23.68306 23.68556 23.65217 23.62811 23.62171 23.61584 23.61191 23.61794 23.64446 23.64862 23.60533 23.5842 23.61137 23.6317 23.63435 23.64719 23.68475 23.70271 23.67603 23.66743 23.70709 23.75619 23.82814 24.10497 24.87219 25.78078 26.96129 27.91591 28.18952
31.71454 31.73639 31.7357 31.67412 31.57347 31.44637 31.30799 31.16964 31.07784 31.10412 31.13727 31.1741 31.18115 31.12791 31.08537 31.06378 31.04443 31.0227 30.7948 30.07868 29.35513 28.63071 28.08295 27.9851 27.85267 27.63479 27.05234 25.60825 24.62998 24.81598 24.81242 24.30318 23.90259 23.76885 23.66792 23.65289 23.63919 23.63318 23.62763 23.61876 23.61366 23.6197 23.62658 23.63344 23.63148 23.60974 23.60337 23.63099 23.65278 23.64964 23.64619 23.75821 23.7409 23.83698 23.75452 23.99191 24.0344 24.3738 24.78966 26.04009 27.32898 28.9133 30.1315 30.2625
31.65962 31.71313 31.73101 31.7021 31.61332 31.46356 31.30596 31.13555 31.02225 31.0977 31.1461 31.16689 31.17544 31.16914 31.16989 31.18103 31.1756 31.09208 30.84633 30.09176 29.34106 28.6146 28.07247 27.9947 27.87216 27.63494 27.08636 25.62776 24.62037 24.75644 24.80857 24.42679 24.08341 23.84988 23.6573 23.62284 23.5987 23.60509 23.61235 23.62445 23.63974 23.65744 23.66737 23.65118 23.62844 23.59146 23.56775 23.58855 23.64141 23.79265 24.08842 24.79115 25.41777 25.67468 25.93124 26.19235 26.46655 26.76157 27.1715 27.89967 28.65771 29.53236 30.20669 30.35848
31.62057 31.7218 31.71288 31.65732 31.59239 31.42568 31.26859 31.11122 31.00515 31.08455 31.14554 31.14971 31.15379 31.1643 31.16996 31.15809 31.12622 31.04329 30.80624 30.00461 29.21361 28.56726 28.13775 28.03613 27.93025 27.7336 27.23867 26.20754 25.46013 25.06277 24.92282 24.63288 24.31827 23.93714 23.62671 23.59 23.5678 23.56886 23.58116 23.63502 23.68589 23.71383 23.7277 23.68452 23.63408 23.57685 23.5142 23.56417 23.60586 24.00107 24.50924 25.92081 27.1965 27.54451 28.02376 28.18656 28.61961 28.79218 29.17337 29.42867 29.78908 30.12874 30.43029 30.62386
31.8663 31.7745 31.66921 31.55363 31.46558 31.35041 31.2326 31.11375 31.03506 31.102 31.15162 31.13582 31.12395 31.13689 31.13763 31.08355 31.02389 30.95808 30.73153 29.80523 29.02782 28.48851 28.15187 28.04552 27.98459 27.81553 27.52951 26.65653 25.9689 25.43889 25.04287 24.79753 24.48211 24.01935 23.61532 23.58707 23.56398 23.54124 23.53399 23.60333 23.66655 23.69703 23.73327 23.80334 23.88888 23.99516 24.12932 24.32343 24.57134 24.9625 25.5212 26.25417 26.92771 27.4978 27.9181 28.29392 28.62563 29.06652 29.49205 29.87527 30.25074 30.60332 30.84639 30.97732
31.94318 31.76814 31.61715 31.48421 31.37395 31.2991 31.21404 31.12653 31.06005 31.07443 31.0764 31.05044 31.03869 31.02627 31.03103 31.03524 30.9705 30.78179 30.30864 29.52188 28.75696 28.33106 28.09727 28.00203 27.89859 27.77281 27.5607 26.85341 26.17621 25.62706 25.12023 24.79108 24.42537 24.03249 23.66722 23.62788 23.59621 23.52532 23.47347 23.53806 23.60113 23.63387 23.69835 23.95229 24.23018 24.5631 24.91497 25.29744 25.67282 25.61572 25.90026 26.34095 26.83484 27.33141 27.78509 28.19664 28.59353 29.13565 29.76005 30.28285 30.73343 31.08085 31.30504 31.36638
31.9752 31.72173 31.55449 31.43514 31.34464 31.27813 31.21151 31.14693 31.08343 31.01071 30.93944 30.95873 30.89546 30.83384 30.81082 30.851 30.91882 30.47813 29.89506 29.15041 28.3544 28.15702 28.02147 27.89511 27.78614 27.64839 27.49667 26.72999 26.06425 25.51556 25.09198 24.69222 24.3392 23.99638 23.6743 23.63605 23.59214 23.5165 23.46297 23.52414 23.58907 23.64538 23.74295 24.05601 24.42182 24.78686 25.14674 25.5174 25.82073 25.87694 26.0575 26.3787 26.77703 27.20971 27.65295 28.08825 28.51395 28.85699 29.34942 30.50623 31.2252 31.57043 31.79871 31.78088
31.94033 31.69117 31.48106 31.4005 31.32522 31.26744 31.20281 31.14948 31.12273 31.08642 30.99306 30.87858 30.72062 30.59169 30.50909 30.47887 30.47135 30.17344 29.6046 28.84734 28.09835 27.98285 27.85843 27.6304 27.27463 27.03712 26.71254 26.25608 25.69322 25.18091 24.83213 24.53424 24.24125 23.93894 23.66929 23.59792 23.53722 23.51007 23.49854 23.5539 23.61628 23.70305 23.81521 24.19717 24.56943 24.91767 25.25398 25.58457 25.86542 25.9944 26.12656 26.36669 26.69792 27.09636 27.54913 28.02082 28.47476 28.63633 28.85 30.27739 31.53419 31.91467 32.17486 32.19796
31.90313 31.65148 31.41941 31.36793 31.32567 31.24842 31.18087 31.14714 31.14761 31.18342 31.15218 30.79089 30.50943 30.29416 30.13254 30.01283 29.89138 29.71355 29.45452 28.56348 27.71907 27.69508 27.67067 27.21317 26.71951 26.52867 26.1573 25.71336 25.23421 24.95651 24.65856 24.46355 24.22723 23.97761 23.72615 23.58936 23.51851 23.51924 23.53588 23.60291 23.7632 23.95049 24.09121 24.41099 24.74954 25.07357 25.38396 25.67946 25.9276 26.06725 26.16179 26.30832 26.56838 26.96749 27.48362 28.0264 28.58106 28.67186 28.87054 30.18462 31.20921 31.81425 32.16765 32.43509
31.88806 31.60751 31.34153 31.31698 31.29378 31.21765 31.1484 31.12029 31.11543 31.14246 31.08813 30.67771 30.2857 29.95763 29.69861 29.5011 29.28758 29.0777 28.78669 28.06699 27.59002 27.35334 27.22014 26.92459 26.60263 26.2654 26.00538 25.71328 25.4059 25.078 24.78405 24.61671 24.4718 24.25418 23.98709 23.7105 23.54944 23.54814 23.57823 23.74479 23.98682 24.2554 24.46831 24.69 24.97051 25.25836 25.53695 25.79532 26.02828 26.12291 26.2025 26.26297 26.31501 26.8915 27.49089 28.09246 28.69687 28.73229 28.73917 30.10636 31.1229 31.76609 32.15644 32.42928
31.89222 31.57478 31.27237 31.24562 31.22366 31.16771 31.09377 31.04923 31.02353 30.96763 30.81463 30.49379 30.07658 29.62498 29.19487 28.92598 28.65343 28.41567 28.09862 27.78225 27.45901 27.17144 26.81964 26.71681 26.5125 26.36797 26.18556 25.98075 25.75263 25.46644 25.04915 25.0434 24.91072 24.66331 24.3336 23.93824 23.57104 23.57029 23.62613 23.86918 24.19969 24.55963 24.8475 24.99598 25.21251 25.44885 25.67294 25.87307 26.02207 26.15727 26.2655 26.29902 26.3542 26.88778 27.41101 27.91867 28.37883 28.69915 28.88131 30.08798 31.22229 31.82096 32.14673 32.41233
31.88738 31.56997 31.2251 31.21148 31.19153 31.13254 31.03159 30.93988 30.87279 30.75202 30.57674 30.29647 29.93635 29.48189 29.07785 28.82252 28.57369 28.31234 28.03778 27.70538 27.39894 27.17874 27.08861 26.95107 26.77724 26.61382 26.45696 26.30025 26.13668 25.94565 25.74195 25.64827 25.4764 25.18101 24.75045 24.22707 23.61051 23.57844 23.62931 23.95526 24.37512 24.8294 25.26021 25.35728 25.45693 25.6116 25.74993 25.86151 25.98001 26.12736 26.33143 26.32269 26.3385 26.75373 27.22004 27.69039 28.13716 28.53611 28.8351 30.00913 31.26847 31.75294 32.17296 32.52516
31.78539 31.52843 31.29195 31.2269 31.19656 31.11506 30.98091 30.81447 30.69638 30.55453 30.36972 30.13186 29.83008 29.46131 29.15606 28.91117 28.6766 28.40258 28.12236 27.74007 27.34617 27.33264 27.42057 27.16918 27.02037 26.87917 26.74767 26.62503 26.51432 26.42098 26.37869 26.33852 26.15615 25.76681 25.18396 24.49326 23.65014 23.55203 23.58511 23.99573 24.45405 24.93374 25.39535 25.48977 25.52588 25.62168 25.72132 25.81183 25.91521 26.03538 26.14912 26.19229 26.30337 26.61964 27.02663 27.46416 27.92116 28.36807 28.81551 29.66908 30.56954 31.40242 32.23632 32.89141
31.61075 31.42655 31.27327 31.23308 31.1964 31.07346 30.93807 30.8091 30.6797 30.43943 30.22747 30.00034 29.76805 29.47515 29.17785 28.93128 28.66375 28.39724 28.14277 27.86952 27.52867 27.48548 27.51213 27.34909 27.22177 27.11096 27.01166 26.92828 26.86809 26.86452 26.97372 27.06478 26.96522 26.41138 25.58901 24.68003 23.67667 23.51296 23.50996 23.93822 24.43378 24.91908 25.40116 25.48865 25.50455 25.59545 25.69829 25.7634 25.81855 25.89594 25.94109 26.13174 26.2862 26.49274 26.83145 27.2501 27.74102 28.24348 28.77287 29.38713 29.97914 31.15832 32.46332 33.30261
31.40519 31.27321 31.18981 31.1564 31.12516 31.02089 30.90321 30.85457 30.81794 30.51837 30.21652 29.97802 29.73292 29.45307 29.16786 28.87526 28.59607 28.34321 28.11217 27.89201 27.67017 27.6046 27.59796 27.47339 27.36879 27.29726 27.23338 27.18615 27.17213 27.23782 27.47783 27.54871 27.61472 26.76791 25.74157 24.71535 23.69652 23.51166 23.51064 23.93508 24.41462 24.84558 25.24004 25.47002 25.5077 25.58022 25.66592 25.7163 25.7577 25.82556 25.90858 26.12484 26.3094 26.39088 26.61624 27.03929 27.59337 28.1678 28.78948 29.2565 29.70976 31.20373 32.99934 33.83165
31.22631 31.17128 31.11411 31.08486 31.06044 30.97319 30.87476 30.86818 30.87631 30.58527 30.15987 29.77977 29.47006 29.21719 28.98747 28.73885 28.49172 28.26365 28.05353 27.86598 27.69684 27.63195 27.59309 27.54628 27.47457 27.4228 27.39104 27.37044 27.37177 27.43926 27.52451 27.57039 27.60336 26.79223 25.76952 24.74956 23.74133 23.54964 23.58341 23.95019 24.32973 24.68529 25.01311 25.28305 25.50652 25.56867 25.6343 25.67178 25.70218 25.78436 25.8802 26.1062 26.37203 26.41121 26.39605 26.89709 27.5364 28.15807 28.76823 29.12808 29.39862 31.20975 33.47782 34.30787
31.16983 31.11774 31.0616 31.02657 30.99692 30.93328 30.8621 30.8498 30.85096 30.47723 29.96452 29.49155 29.11329 28.86862 28.71014 28.54546 28.34954 28.15926 27.98564 27.83362 27.70613 27.64528 27.58423 27.56092 27.54395 27.51489 27.49088 27.47357 27.45123 27.50959 27.58677 27.60151 27.59212 26.80648 25.80453 24.87608 23.99907 23.59383 23.6356 23.90363 24.21244 24.5251 24.83029 25.11962 25.37094 25.5126 25.56743 25.62053 25.67447 25.7524 25.84115 26.04986 26.29886 26.39298 26.43204 26.91566 27.48355 28.02044 28.51674 28.92254 29.24862 31.16768 33.68195 34.55371
31.09457 31.0423 30.98899 30.9538 30.92061 30.8863 30.85543 30.81673 30.76897 30.31203 29.73967 29.19672 28.75043 28.51351 28.40928 28.32427 28.18537 28.04223 27.91816 27.82 27.76567 27.68854 27.58708 27.56734 27.57108 27.57047 27.56776 27.56826 27.58643 27.63829 27.69345 27.65502 27.57616 26.85272 26.02742 25.24005 24.51548 23.95965 23.67035 23.81351 24.06719 24.36072 24.66835 24.97273 25.24565 25.44212 25.49226 25.56599 25.64853 25.72298 25.79458 25.98985 26.23164 26.36221 26.4569 26.86592 27.37281 27.86485 28.32696 28.74506 29.09562 31.10096 33.82908 34.52329
30.94716 30.91272 30.87714 30.84669 30.81685 30.82749 30.8582 30.76983 30.62733 30.14169 29.536 28.9371 28.34219 28.14946 28.10562 28.06056 28.00375 27.92708 27.88689 27.86262 27.84673 27.73776 27.59398 27.58391 27.60319 27.61464 27.62564 27.64574 27.69831 27.74217 27.78421 27.719 27.61284 27.05596 26.34146 25.62853 24.94328 24.31139 23.78431 23.71914 23.90467 24.1897 24.513 24.84741 25.1644 25.3817 25.44862 25.52875 25.60111 25.68208 25.76954 25.93948 26.14583 26.28637 26.39682 26.77324 27.28386 27.76744 28.21703 28.63213 29.02407 31.011 33.77133 34.3606
30.80052 30.78501 30.75297 30.72584 30.70137 30.70847 30.7708 30.65914 30.46852 29.99393 29.39352 28.79221 28.18936 28.02168 28.05938 28.04699 28.00078 27.97162 27.94087 27.89805 27.84228 27.74857 27.60934 27.59989 27.63956 27.66119 27.67556 27.69611 27.71265 27.74938 27.80261 27.7958 27.76216 27.36541 26.71307 26.03303 25.33136 24.62548 23.90997 23.65961 23.7127 24.00338 24.37719 24.7614 25.13594 25.33132 25.42892 25.49965 25.55187 25.64264 25.74503 25.89523 26.06528 26.20829 26.33397 26.74383 27.25367 27.72878 28.17319 28.58961 28.9877 30.92825 33.4404 34.06047
30.65306 30.64746 30.62521 30.59878 30.56895 30.54574 30.5588 30.46368 30.28552 29.85235 29.28614 28.71836 28.14761 28.01579 28.12351 28.12774 28.07468 28.03393 27.97719 27.91242 27.83773 27.74463 27.62222 27.60655 27.66394 27.68095 27.67599 27.67873 27.69521 27.74184 27.8059 27.85248 27.89561 27.69069 27.12558 26.44239 25.6772 24.87371 24.00388 23.63655 23.65052 23.91456 24.33156 24.74893 25.16835 25.36787 25.42967 25.51525 25.62042 25.70134 25.76233 25.87795 26.02817 26.19052 26.4893 26.85964 27.30439 27.74761 28.17951 28.59524 29.01241 30.54778 31.96994 32.84132
30.50857 30.514 30.50206 30.47538 30.43737 30.39169 30.35287 30.25985 30.11164 29.72585 29.19501 28.66289 28.13037 27.99354 28.10036 28.15753 28.13512 28.08449 28.00867 27.92845 27.84233 27.74498 27.63499 27.59916 27.61289 27.61478 27.61158 27.62449 27.6519 27.70283 27.75997 27.86209 27.99693 27.92432 27.57595 26.87694 25.98245 25.04814 24.03836 23.62514 23.62913 23.89425 24.33798 24.77984 25.23565 25.4299 25.43933 25.53719 25.70646 25.77954 25.79006 25.8761 26.0119 26.30344 26.69394 27.05414 27.43594 27.83015 28.23914 28.64616 29.03942 29.75794 30.71804 31.44831
30.36914 30.39246 30.39108 30.36412 30.31397 30.2442 30.15126 30.04408 29.94573 29.61399 29.11203 28.61705 28.12703 27.96604 28.04045 28.11349 28.17729 28.13025 28.03547 27.94256 27.84417 27.73974 27.64176 27.58518 27.55317 27.52949 27.52834 27.55636 27.60286 27.66729 27.72577 27.85905 28.05342 28.01246 27.79039 27.11919 26.09866 25.08155 24.06571 23.62031 23.62595 23.88282 24.29699 24.70366 25.10252 25.29263 25.34023 25.4362 25.59853 25.73122 25.83614 25.99796 26.20535 26.53024 26.9367 27.27862 27.6041 27.95323 28.32522 28.68659 29.00125 29.22185 29.72305 30.31459
30.27983 30.30044 30.30634 30.27221 30.20045 30.10048 29.96386 29.85102 29.79013 29.50372 29.06534 28.6263 28.23151 28.03873 28.04775 28.10779 28.16104 28.14025 28.0471 27.94636 27.8459 27.73597 27.60925 27.50182 27.41514 27.39941 27.4222 27.47565 27.55506 27.6461 27.71118 27.8383 28.01508 27.97868 27.75407 27.11476 26.11191 25.10692 24.09116 23.62038 23.63599 23.84029 24.19161 24.53819 24.85349 25.06653 25.18209 25.30323 25.45499 25.65133 25.87803 26.13123 26.40722 26.75121 27.15923 27.50144 27.77306 28.05754 28.35047 28.63556 28.91594 29.15715 29.3249 29.63319
30.39573 30.34228 30.27948 30.21546 30.1043 29.96209 29.79252 29.68839 29.64744 29.44394 29.08538 28.73626 28.43509 28.22951 28.12966 28.13048 28.15359 28.12282 28.04222 27.96174 27.8809 27.76858 27.59772 27.42043 27.27929 27.23189 27.28022 27.37587 27.52574 27.63803 27.69901 27.67074 27.75561 27.70195 27.45354 26.93407 25.99977 25.08321 24.15508 23.65816 23.66659 23.79632 24.08358 24.36696 24.6343 24.85507 25.00815 25.17224 25.38146 25.66251 25.9356 26.21184 26.48957 26.78734 27.10245 27.39289 27.66175 27.93424 28.20972 28.48669 28.7778 29.05173 29.2822 29.61171
30.51835 30.44147 30.33299 30.192 30.0184 29.82563 29.62664 29.52519 29.52575 29.43483 29.15467 28.86731 28.59492 28.36992 28.19114 28.08743 28.0851 28.04651 27.96943 27.99466 27.982 27.87636 27.67804 27.41913 27.19267 27.08868 27.12805 27.25619 27.49023 27.62789 27.36947 27.15547 27.00852 26.88006 26.68075 26.2862 25.63044 24.88805 24.14345 23.73144 23.71493 23.77716 23.9649 24.19368 24.42582 24.64553 24.83994 25.06375 25.3757 25.6865 25.98481 26.27466 26.54405 26.80094 27.02548 27.28261 27.558 27.82937 28.09529 28.38847 28.72338 29.03361 29.30188 29.75703
30.65131 30.56157 30.39097 30.18964 29.97732 29.76406 29.47298 29.35941 29.4248 29.40801 29.25788 29.00142 28.71023 28.44892 28.19312 28.01861 27.99674 27.953 27.88584 27.92694 28.10736 28.054 27.73856 27.4194 27.10413 26.93676 26.9515 27.09056 27.38531 27.34448 26.93298 26.58527 26.30016 26.10141 25.90841 25.61277 25.14257 24.58183 24.01697 23.78375 23.76321 23.75758 23.87394 24.04874 24.26818 24.50519 24.7299 24.97717 25.25221 25.54276 25.85981 26.15602 26.40788 26.68642 26.96934 27.24705 27.52514 27.80642 28.08283 28.3744 28.68583 29.0224 29.3996 29.96579
