src/main/resources/sodermalm_5m.asc
ncols 963
nrows 472
xllcorner 1626373.3886573
yllcorner 6577941.6838047
cellsize 5
NODATA_value -9999
[rows 203 to 231 of 472, columns 128 to 191 of 963]
10.20645 10.10051 10.02104 9.941867 9.826677 9.640088 9.348427 9.199974 9.191938 9.168207 9.111038 9.448898 10.02921 10.50345 10.91767 11.30366 11.69823 11.88489 11.87277 11.87359 11.90214 11.93659 11.95565 11.96274 11.96505 11.96101 11.93869 11.84126 11.67575 11.63081 11.64456 11.58751 11.5584 11.39706 11.12126 10.95557 10.88437 10.77361 10.61318 10.39744 10.10589 9.920664 9.90818 9.874361 9.816777 9.781809 9.767879 9.756203 9.749954 9.750602 9.756577 9.796402 9.888943 9.8751 9.906159 10.32293 10.92954 11.57391 12.27631 12.80278 13.10749 13.42609 13.77112 14.0459
9.772384 9.618176 9.523911 9.433748 9.313354 9.143117 8.925903 8.897979 8.877813 8.870132 8.889074 9.195118 9.718385 10.17055 10.57639 10.95057 11.3062 11.5629 11.58545 11.63077 11.733 11.83792 11.95158 12.02665 12.06742 11.96834 11.73414 11.35814 10.84858 10.6096 10.66311 10.56893 10.30642 10.22384 10.1899 10.32821 10.39048 10.33077 10.20196 10.02705 9.833369 9.806376 9.90584 9.909078 9.821674 9.773437 9.76117 9.753245 9.750369 9.752466 9.758536 9.82271 9.943198 9.934149 9.806328 10.10615 10.81438 11.51978 12.22746 12.63845 12.86174 13.17455 13.58918 14.03727
9.358829 9.132999 9.023439 8.940549 8.872218 8.79837 8.789188 8.772206 8.743731 8.758308 8.847261 9.116417 9.523703 9.92872 10.31099 10.66496 10.97781 11.22131 11.36354 11.40973 11.56483 11.70688 11.85158 11.77883 11.78607 11.59479 11.24651 10.94593 10.34806 10.04014 10.11057 10.03679 9.819312 9.747782 9.806438 9.86022 9.987403 9.964036 9.888694 9.809815 9.736259 9.735438 9.777363 9.816584 9.77836 9.75529 9.746714 9.741851 9.742192 9.747826 9.758406 9.79739 9.860268 9.858733 9.792809 10.08914 10.7847 11.47589 12.16312 12.52853 12.59325 12.9026 13.50892 14.04557
9.23698 9.001437 8.874537 8.761437 8.70414 8.703581 8.699463 8.675418 8.628683 8.647036 8.737738 8.982239 9.378839 9.757112 10.10906 10.43165 10.71647 10.9557 11.14037 11.24406 11.3563 11.42363 11.3466 11.07641 10.66211 10.51022 10.5348 10.44221 10.16521 9.865893 9.842929 9.802968 9.760287 9.749363 9.750677 9.746172 9.739445 9.754755 9.778213 9.774144 9.770395 9.752876 9.720665 9.711497 9.739734 9.735086 9.722612 9.719074 9.720376 9.725891 9.74189 9.775606 9.822913 9.836679 9.803399 10.08529 10.71986 11.33241 11.94145 12.23981 12.33067 12.57675 13.13392 13.66026
9.422431 9.209643 9.031222 8.879198 8.709239 8.632573 8.625878 8.590753 8.519227 8.519514 8.611839 8.84693 9.242206 9.602102 9.931181 10.23055 10.49984 10.73826 10.9434 11.05475 11.10714 11.0685 10.9029 10.58196 10.09104 9.878698 10.06164 10.06778 9.904913 9.7695 9.746906 9.724064 9.711467 9.723533 9.780731 9.823875 9.839964 9.850754 9.848084 9.838565 9.821924 9.797703 9.764841 9.772744 9.854 9.816071 9.706579 9.683775 9.686592 9.693113 9.693883 9.75429 9.909709 9.969075 9.87852 10.04305 10.52857 10.99835 11.4121 11.69781 11.94461 12.25041 12.61864 13.00473
9.577167 9.38549 9.207909 9.036264 8.80974 8.572126 8.460561 8.441271 8.418524 8.452262 8.561976 8.761584 9.127537 9.466348 9.77529 10.05431 10.30929 10.54388 10.76198 10.85809 10.83712 10.74896 10.53816 10.24275 9.901326 9.762784 9.847139 9.85283 9.747915 9.674606 9.672489 9.652431 9.617809 9.670637 9.852493 9.982179 10.02044 9.997783 9.940059 9.907401 9.874712 9.840327 9.811176 9.8486 9.970757 9.973943 9.761073 9.648605 9.677995 9.70423 9.703054 9.760624 9.958261 10.02584 9.894512 9.908682 10.24059 10.58386 10.87555 11.16044 11.51962 11.89917 12.18226 12.31342
9.683081 9.518499 9.374976 9.187731 8.83557 8.53718 8.324783 8.261401 8.317515 8.401509 8.531709 8.731742 9.048597 9.362935 9.643505 9.897617 10.13204 10.35195 10.57743 10.68676 10.60059 10.46922 10.27015 10.06107 9.858417 9.751682 9.814025 9.819962 9.729377 9.667829 9.67071 9.659807 9.640059 9.670906 9.840597 10.02408 10.13142 10.14371 10.02952 9.969216 9.918274 9.867021 9.815953 9.809596 9.940247 9.959567 9.775642 9.67494 9.728357 9.784018 9.85307 9.903607 9.916731 9.878319 9.850632 9.855378 9.94518 10.15608 10.29125 10.55089 11.11718 11.58409 11.63275 11.64033
9.757145 9.589613 9.416021 9.136599 8.763307 8.457046 8.229536 8.167534 8.318312 8.449612 8.530207 8.696929 9.018836 9.300656 9.539028 9.756451 9.964573 10.16747 10.35023 10.43255 10.36406 10.27175 10.13383 10.00255 9.872263 9.805454 9.855328 9.86784 9.807261 9.764003 9.765688 9.753232 9.741302 9.748034 9.812107 10.00201 10.20529 10.29467 10.12113 10.01011 9.931787 9.863118 9.784178 9.759353 9.896867 9.930817 9.771673 9.69027 9.756682 9.833907 9.943875 10.00927 9.885072 9.805373 9.824686 9.846564 9.869354 9.89285 9.934495 10.14316 10.72342 11.12312 11.14778 11.21642
9.780197 9.568178 9.313753 8.984545 8.620171 8.316326 8.135342 8.102531 8.349572 8.530308 8.5433 8.651649 8.99677 9.262133 9.381278 9.543225 9.735641 9.937614 10.11027 10.1839 10.12412 10.06035 10.00332 9.959354 9.914447 9.889534 9.919343 9.93211 9.912486 9.901294 9.886328 9.843728 9.80955 9.793947 9.801971 9.903104 10.07803 10.15997 10.03639 9.934858 9.883709 9.836627 9.791173 9.799302 9.848083 9.817581 9.720956 9.646646 9.735936 9.819932 9.89039 9.919664 9.852572 9.808336 9.817485 9.831897 9.837953 9.843819 9.892592 10.01996 10.34241 10.61288 10.78669 10.95223
9.771115 9.49946 9.187886 8.828127 8.461119 8.167057 8.058007 8.056221 8.306066 8.512881 8.61617 8.793023 8.947798 8.924054 9.009868 9.148179 9.340485 9.588597 9.859993 9.992112 9.885878 9.819044 9.867555 9.920978 9.987399 10.03736 10.02475 10.02196 10.05431 10.0685 9.956371 9.871861 9.81348 9.777303 9.762002 9.771684 9.866832 9.9206 9.869968 9.83092 9.80298 9.778926 9.778128 9.806451 9.754135 9.699113 9.649814 9.623462 9.716458 9.782669 9.824317 9.816094 9.799981 9.7929 9.797503 9.800139 9.793015 9.797441 9.8346 9.9037 10.07743 10.26798 10.5287 10.74453
9.737062 9.398278 9.033683 8.666089 8.301648 8.014166 7.979718 8.012672 8.237716 8.463411 8.696119 8.872394 8.584994 8.49158 8.537463 8.662684 8.858853 9.147634 9.516926 9.799662 9.657577 9.582426 9.728569 9.863899 10.01416 10.13942 10.10856 10.09464 10.12558 10.12009 9.957469 9.842917 9.758937 9.696231 9.645446 9.607225 9.659068 9.706319 9.717918 9.697351 9.677718 9.659037 9.654486 9.646572 9.622503 9.610927 9.715746 9.918793 9.804455 9.781704 9.763136 9.674818 9.697905 9.723785 9.736704 9.747755 9.753275 9.758307 9.758265 9.785457 9.915493 10.07371 10.38069 10.58777
9.62414 9.236399 8.860752 8.49611 8.139148 7.86196 7.867163 7.922256 8.124378 8.312865 8.488222 8.460877 8.165414 7.998481 8.001181 8.103786 8.296205 8.614481 9.071131 9.574744 9.455871 9.4046 9.585328 9.773612 9.976002 10.1382 10.14744 10.14818 10.10811 10.03138 9.881268 9.755029 9.652296 9.564534 9.477972 9.428839 9.453803 9.496938 9.533698 9.550182 9.495557 9.466681 9.454871 9.456505 9.474081 9.535977 9.965837 10.31183 10.04777 9.824208 9.677393 9.547137 9.604975 9.653214 9.67829 9.70215 9.714363 9.722129 9.713203 9.728436 9.840303 9.979436 10.27915 10.47338
9.448521 9.046359 8.671753 8.314629 7.970798 7.710761 7.7383 7.798044 7.97295 8.111145 8.198879 8.067711 7.749418 7.473617 7.398323 7.462023 7.633028 7.963041 8.495878 9.325102 9.2261 9.194217 9.382057 9.580756 9.81407 10.02809 10.08832 10.11233 10.03586 9.916641 9.728089 9.593937 9.485013 9.385315 9.292274 9.236876 9.250257 9.282001 9.300673 9.287449 9.265881 9.241532 9.23962 9.288019 9.380543 9.562761 10.07168 10.45347 10.23615 9.982244 9.736958 9.538926 9.549942 9.577168 9.625777 9.669237 9.67826 9.686881 9.704696 9.740041 9.848625 9.980735 10.22213 10.42402
9.226144 8.817367 8.455761 8.118924 7.801453 7.564543 7.59505 7.659 7.820872 7.919687 7.948786 7.756198 7.346028 6.944235 6.745044 6.723722 6.84061 7.174908 7.846508 8.839973 8.885318 8.908496 9.083026 9.281762 9.49496 9.690061 9.847897 9.910167 9.874421 9.748223 9.567936 9.397392 9.289975 9.192847 9.103193 9.031394 9.045209 9.061135 9.027916 8.975816 8.982391 8.97311 9.034909 9.113864 9.277861 9.520865 10.09572 10.62037 10.33223 10.10095 9.787323 9.501964 9.499155 9.50602 9.569681 9.624254 9.614574 9.610005 9.663094 9.726459 9.815233 9.924854 10.15691 10.36016
8.910663 8.511995 8.207115 7.928427 7.645792 7.401323 7.444056 7.510795 7.670147 7.793736 7.705957 7.541088 6.997757 6.452515 6.17645 5.895586 5.991454 6.093692 7.320435 8.411054 8.486791 8.601865 8.737528 8.922023 9.143197 9.374687 9.603233 9.724479 9.723506 9.604108 9.416506 9.166675 9.072615 8.985728 8.900525 8.827807 8.849867 8.869319 8.855587 8.84429 8.846207 8.853878 8.885216 8.928739 9.03179 9.20985 9.713654 9.949719 9.935579 9.816804 9.660608 9.472193 9.451771 9.46062 9.509167 9.546934 9.504948 9.475301 9.577506 9.685894 9.742239 9.81525 10.04913 10.27051
8.502872 8.097365 7.892382 7.69368 7.449005 7.239692 7.221158 7.228446 7.319583 7.381351 7.286524 7.200067 6.989452 6.574456 6.287609 6.06559 6.065701 6.183814 6.791464 7.394328 7.892821 8.334103 8.393261 8.535977 8.777306 9.060941 9.36248 9.581866 9.587077 9.486751 9.233349 8.918299 8.838496 8.762985 8.68488 8.617074 8.657824 8.699513 8.727708 8.757034 8.753142 8.753218 8.74485 8.735324 8.773654 8.812721 9.224663 9.438778 9.507724 9.47889 9.420371 9.387641 9.393585 9.401946 9.441867 9.475469 9.42834 9.397415 9.525714 9.652243 9.688457 9.737061 9.939955 10.13964
8.020123 7.709091 7.542928 7.387819 7.217976 7.059535 6.965506 6.883523 6.897603 6.903054 6.91822 6.937551 6.888868 6.709168 6.473608 6.216479 6.248516 6.223805 6.449492 6.565615 7.426872 8.144744 8.164359 8.17979 8.477983 8.691158 8.922469 9.226333 9.201142 9.135675 8.889922 8.66307 8.605341 8.54536 8.485305 8.459249 8.508194 8.556919 8.578143 8.593986 8.608498 8.621026 8.608973 8.594709 8.590155 8.614613 8.801311 9.004514 9.116163 9.138659 9.171447 9.275672 9.30448 9.32163 9.358179 9.393463 9.402493 9.4216 9.523549 9.625286 9.652461 9.682799 9.832826 9.991593
7.467179 7.217033 7.06533 6.921327 6.759832 6.599041 6.469239 6.368653 6.460739 6.581955 6.702528 6.83459 6.868405 6.879321 6.803112 6.727135 6.678137 6.662635 6.885814 7.171418 7.601962 7.985181 8.032035 8.062893 8.194405 8.255532 8.31882 8.439948 8.47693 8.480078 8.423708 8.375772 8.366211 8.336523 8.315201 8.327345 8.379025 8.43062 8.424228 8.411032 8.449916 8.487413 8.479479 8.473441 8.462389 8.422543 8.535229 8.630271 8.747472 8.846328 8.999721 9.163214 9.192126 9.219108 9.25814 9.301359 9.358419 9.421609 9.510038 9.59635 9.630218 9.664729 9.756644 9.861429
6.840001 6.625044 6.479815 6.339631 6.158181 5.974876 5.852431 5.750892 6.019724 6.300954 6.740666 6.992535 7.095908 7.069837 7.157938 7.235849 7.103008 7.023006 7.284144 7.650528 7.732301 7.857436 7.84477 7.834928 7.826049 7.823425 7.83292 7.857743 7.917715 7.973503 8.039657 8.106588 8.141149 8.173948 8.198652 8.224425 8.263945 8.301428 8.312712 8.32264 8.338802 8.35301 8.357058 8.36085 8.369207 8.383096 8.444046 8.507654 8.555022 8.607827 8.774977 8.953354 9.017119 9.062473 9.120969 9.185809 9.285839 9.392946 9.479995 9.561348 9.61989 9.675213 9.705955 9.739281
6.031786 5.855804 5.71362 5.630859 5.515043 5.352903 5.437852 5.612534 6.083454 6.621855 7.10166 7.452276 7.613868 7.683317 7.601788 7.486929 7.260656 7.041905 7.161198 7.331765 7.44402 7.533492 7.488399 7.418712 7.396818 7.392085 7.433241 7.527905 7.59308 7.653291 7.751839 7.857998 7.950218 8.041643 8.09111 8.134786 8.156543 8.175149 8.214128 8.257874 8.242579 8.221273 8.225717 8.237086 8.268538 8.332207 8.372116 8.395739 8.402085 8.383313 8.579862 8.775239 8.853399 8.914934 8.980491 9.046268 9.184711 9.33435 9.420895 9.488061 9.550886 9.613565 9.622563 9.637612
5.018651 4.911567 4.889904 4.875408 4.810041 4.697807 5.104922 5.616901 6.326691 7.090343 7.697643 8.291868 8.309786 8.344018 8.017341 7.76107 7.365295 6.99858 6.994635 7.02522 7.112283 7.212507 7.115375 7.025435 7.019961 7.012324 7.111372 7.224194 7.298716 7.37038 7.499567 7.639229 7.756866 7.86649 7.920996 7.964445 8.015241 8.070036 8.10291 8.126366 8.119373 8.105113 8.084455 8.093119 8.158024 8.289415 8.344189 8.3652 8.382364 8.406738 8.521747 8.650664 8.73134 8.79985 8.837898 8.873925 9.036563 9.226867 9.306892 9.361074 9.420998 9.487965 9.510468 9.531711
4.179958 4.140339 4.175593 4.187668 4.175105 4.188947 4.773072 5.447989 6.223562 7.005555 7.539152 7.983266 8.094849 8.116748 7.894508 7.612945 7.301463 6.99614 6.826254 6.690378 6.721159 6.785113 6.742836 6.731782 6.74521 6.759243 6.847971 6.956321 7.046288 7.135534 7.286131 7.450202 7.564461 7.6659 7.71309 7.749684 7.853354 7.97402 7.98747 7.982591 7.986089 7.994255 7.955697 7.908292 8.073821 8.284088 8.335261 8.33079 8.349914 8.391661 8.453557 8.533919 8.610411 8.686858 8.716286 8.739141 8.928634 9.102365 9.173226 9.22284 9.279653 9.342286 9.364362 9.384806
3.541513 3.53078 3.549082 3.565363 3.633583 3.801383 4.445068 5.192048 5.981401 6.793072 7.188228 7.523989 7.665928 7.828139 7.623324 7.436225 7.150478 6.937306 6.626525 6.34509 6.338905 6.38499 6.398233 6.419373 6.449582 6.481629 6.590517 6.720522 6.822617 6.918054 7.067551 7.227419 7.348434 7.459868 7.519523 7.568069 7.666556 7.772992 7.796836 7.800418 7.838208 7.885434 7.866491 7.841476 8.113853 8.467056 8.418663 8.240806 8.205462 8.218069 8.30005 8.404564 8.489777 8.568414 8.636036 8.706081 8.823927 8.90857 8.990149 9.071342 9.125814 9.176174 9.192838 9.200519
3.062738 3.057305 3.089555 3.135935 3.283984 3.472072 4.040296 4.711286 5.439539 6.168122 6.526803 6.767281 6.903758 6.9984 6.906366 6.760226 6.583627 6.399992 6.209032 6.027755 6.002496 6.023932 6.064352 6.108354 6.146846 6.184081 6.340445 6.531126 6.641474 6.72661 6.846442 6.974953 7.111165 7.251232 7.333567 7.400287 7.471295 7.541275 7.576332 7.603356 7.680011 7.780874 7.772237 7.750967 8.132659 8.666182 8.486745 8.145065 8.058281 8.04796 8.141237 8.261293 8.346437 8.426298 8.510544 8.598431 8.639145 8.686166 8.762348 8.865297 8.94124 9.003795 9.070267 9.144198
2.769762 2.722138 2.756552 2.81831 2.969869 3.148962 3.60697 4.137782 4.787109 5.462171 5.772171 5.969025 6.069602 6.133308 6.113397 6.056807 5.965128 5.854978 5.766717 5.683184 5.665694 5.672299 5.740409 5.805624 5.850251 5.883387 6.068418 6.316052 6.448496 6.54532 6.639791 6.730554 6.859009 6.999507 7.098269 7.183648 7.254709 7.320462 7.359625 7.389027 7.443226 7.504 7.560131 7.627684 7.963204 8.383059 8.294901 8.019202 7.939827 7.937741 7.98987 8.060544 8.135762 8.213515 8.285877 8.354743 8.393331 8.43266 8.515604 8.635077 8.734137 8.824252 8.979688 9.165886
2.510732 2.477307 2.531626 2.617758 2.765352 2.936395 3.331307 3.809142 4.305623 4.791782 5.032899 5.178497 5.287768 5.384135 5.412421 5.414951 5.3999 5.381317 5.339416 5.289522 5.307581 5.356028 5.445255 5.525638 5.564691 5.559245 5.759437 6.053485 6.23585 6.374749 6.449251 6.494926 6.596583 6.720126 6.831429 6.939492 7.026232 7.105076 7.144261 7.168858 7.18936 7.201717 7.317626 7.475606 7.752023 8.091567 8.038713 7.859735 7.7996 7.807791 7.831958 7.870832 7.942523 8.025312 8.10015 8.170006 8.236751 8.305962 8.439047 8.600855 8.732274 9.01156 9.310998 9.545816
2.28476 2.318234 2.401069 2.504119 2.635147 2.775865 3.133785 3.581429 3.902481 4.159503 4.305119 4.395824 4.524491 4.654176 4.737167 4.784096 4.846986 4.90416 4.903147 4.881591 4.931647 5.022144 5.130833 5.252628 5.284561 5.277776 5.489872 5.79493 6.004374 6.17246 6.243109 6.269337 6.36103 6.483168 6.596424 6.70442 6.777364 6.831911 6.888883 6.950604 6.989469 7.017744 7.09999 7.204804 7.375932 7.572974 7.590978 7.52982 7.533105 7.568115 7.632901 7.714558 7.808069 7.907404 8.005183 8.103442 8.237556 8.394168 8.58519 8.794368 9.25794 9.884315 10.23401 10.25453
2.127344 2.191119 2.293282 2.415299 2.529744 2.638311 2.904887 3.241665 3.453688 3.602778 3.704547 3.783313 3.908733 4.05848 4.186415 4.306206 4.37285 4.408309 4.416306 4.412301 4.494865 4.62496 4.782087 4.955126 5.054946 5.118957 5.303351 5.546206 5.748438 5.931483 6.017046 6.050741 6.146723 6.276354 6.382957 6.476103 6.521307 6.538263 6.616722 6.729859 6.800583 6.851589 6.889376 6.923309 6.993998 7.071719 7.152912 7.211383 7.292058 7.361085 7.477095 7.602409 7.766909 7.948064 8.138081 8.319839 8.549517 8.803005 9.055551 9.305177 10.24098 11.14318 11.93225 12.85719
2.053921 2.100268 2.205395 2.344842 2.442065 2.512963 2.667577 2.862486 2.98948 3.071881 3.149172 3.209146 3.338477 3.48744 3.661927 3.841203 3.918146 3.92747 3.947625 3.962435 4.081466 4.251802 4.455031 4.67094 4.830602 4.956669 5.118933 5.298328 5.499444 5.719107 5.836112 5.889429 5.980383 6.09166 6.187421 6.274584 6.325025 6.353935 6.414708 6.491186 6.542188 6.578005 6.618528 6.664112 6.757699 6.884501 7.010406 7.136607 7.256457 7.372708 7.518116 7.683361 8.005898 8.445463 8.81258 9.130447 9.43213 9.7206 9.97252 10.19722 11.3096 12.73479 14.46754 17.91461
